id	label	x	y	cluster	weight<Links>	weight<Total link strength>	weight<Occurrences>	score<Avg. pub. year>	score<Avg. citations>	score<Avg. norm. citations>
64	abdomen	-0.2594	0.3046	3	35	46	29	2013.6897	6.5517	0.965
82	abdominal mass	-0.1486	0.106	7	5	6	6	2012.1667	3.3333	0.3358
97	abdominal wall defect	0.4825	-0.2133	14	44	100	43	2013.4651	10.5349	1.2818
118	abscess	-0.7692	0.3744	1	21	38	26	2013.6538	12	1.5772
164	achalasia	-0.1159	0.6977	5	12	14	17	2014	13.5882	1.7722
207	acute abdomen	0.228	0.4379	11	12	14	7	2011.4286	6.1429	0.5914
263	adolescence	-0.3904	-0.1576	1	70	129	97	2014.2371	7.6289	1.0337
271	adrenal	0.3971	0.8544	4	5	9	8	2012.875	9.125	1.0006
321	aganglionosis	0.9964	-0.0957	12	38	102	52	2014.0577	8.0962	1.3804
434	amniotic fluid	0.8093	0.522	7	14	26	12	2013.0833	9.1667	1.2026
474	anal sphincter	1.1428	0.4896	12	5	8	7	2013.1429	4.1429	0.5365
485	analgesia	-0.7534	0.3212	1	12	18	10	2013.6	12.7	1.3569
492	anastomosis	-0.0384	0.4614	6	41	73	33	2014.5758	10.1212	1.9991
506	anemia	-0.6696	-0.7089	13	3	3	5	2014.2	2.2	0.2857
507	anesthesia	-0.0547	0.2995	3	12	13	8	2016.875	1.5	0.4787
516	angiogenesis	0.381	0.0365	7	9	15	11	2013.5455	9.9091	1.4897
532	animal model	0.3843	0.4585	6	23	32	15	2016.0667	3	0.762
548	anoplasty	1.2292	-0.7046	8	5	8	5	2014.8	1.6	0.2124
557	anorectal malformation	0.7892	-0.3274	8	117	407	248	2013.8266	6.9597	1.0392
561	anorectal manometry	1.2639	-0.2798	12	12	23	11	2013.9091	6.9091	0.9083
577	antenatal	0.1293	-0.06	7	90	210	106	2013.6887	9.9906	1.6303
615	antibiotic	-0.5588	0.228	3	30	53	30	2014.6333	14.7	1.9793
645	antireflux surgery	-0.1935	1.1336	5	6	9	7	2013.8571	4.1429	0.5338
655	anxiety	-0.6174	0.4008	1	8	8	5	2016	2	0.471
662	aortopexy	-0.5969	0.7978	5	5	14	9	2014.4444	8.3333	1.4952
672	apoptosis	0.4971	0.139	4	28	56	33	2013.5455	7.7576	0.9588
686	appendicitis	-0.543	-0.1918	2	95	329	262	2014.4198	10.1183	1.4197
721	arm	0.8722	-0.8039	8	24	62	32	2013.625	6.2188	0.7013
752	arteriovenous malformation	-0.3506	0.1224	11	4	6	5	2012	3.6	0.381
763	ascites	-0.5365	0.4292	5	6	6	5	2010.8	10.4	0.9084
779	associated anomalies	0.5741	-0.4175	8	22	28	14	2012.9286	11.8571	1.6501
797	asymptomatic	-0.2825	0.5629	6	6	7	5	2014.8	14.4	2.2532
806	atresia	0.1395	0.0027	14	27	34	13	2012.8462	6.7692	0.6293
894	balloon dilatation	-0.306	0.881	5	15	24	14	2014.5714	10.7143	1.5397
915	bariatric surgery	-0.8013	0.0262	1	6	19	13	2014.7692	8.2308	1.0342
954	benign	-0.6187	0.4827	5	3	3	5	2012.2	9	0.9415
973	beta-catenin	0.4165	-0.6622	4	7	11	11	2013	8.2727	0.9486
1037	biliary atresia	-0.1057	-0.2937	9	68	206	183	2014.5301	6.3224	1.0723
1049	biliary diversion	-1.3327	-0.9552	9	2	5	5	2014.6	7	0.8816
1050	biliary dyskinesia	-0.8882	0.1701	11	6	10	8	2013.75	8	0.9272
1074	biodegradable lengthening device	1.4884	1.0276	10	4	20	5	2015	9.6	1.484
1088	biomarker	0.7273	0.6603	11	9	14	10	2015.8	6.3	0.8006
1097	biopsy	0.0678	0.208	3	15	19	8	2015.5	2.5	0.4707
1106	birth defects	0.4754	-0.3492	16	12	14	6	2012.6667	16.5	1.5545
1116	bladder	0.1985	0.089	7	28	29	28	2013.6071	5.5714	0.735
1124	bladder exstrophy	0.2682	-0.8616	8	16	19	20	2013.95	5.75	1.2221
1147	bleeding	-0.2543	-0.4202	2	12	14	6	2013.5	10.3333	1.2672
1235	botulinum toxin type a	0.3818	0.7129	6	5	7	5	2014.8	3.4	0.4195
1248	bowel function	1.0763	-0.204	12	19	44	14	2016.2857	4	1.6044
1254	bowel lengthening	1.4024	0.9193	10	8	35	11	2014.5455	10.4545	1.4343
1257	bowel management	1.0195	0.1188	12	14	46	20	2014.45	8.4	1.0998
1261	bowel obstruction	0.1546	0.1092	3	9	9	6	2011.5	6.3333	0.6463
1262	bowel perforation	0.6219	0.2121	10	6	7	7	2011.7143	13.5714	1.3707
1265	bowel resection	0.1655	-0.0449	15	20	25	9	2015.4444	7.2222	1.3316
1273	bracing	-1.1846	0.004	1	6	13	8	2016	6.5	1.3181
1294	breast	-0.0843	-1.0025	8	5	5	5	2013.2	4.4	0.4382
1299	breast mass	-0.1539	-1.0245	8	6	7	5	2014	4.2	0.6423
1332	bronchoscopy	-0.5006	0.6832	5	18	34	22	2013.9545	7.6818	0.9803
1355	burn	0.172	0.2257	7	12	12	13	2012.6923	5.6923	0.6135
1378	c-kit	1.452	0.0787	12	6	7	5	2013.8	2	0.3078
1382	c-reactive protein	-0.3671	0.2674	3	7	9	7	2015	6.7143	1.0236
1418	calretinin	1.2883	-0.0394	12	6	14	7	2015.2857	6.7143	0.801
1457	carbon dioxide	-0.5909	-0.4255	9	13	15	8	2011.5	13.625	1.2535
1470	cardiac anomalies	0.8494	-0.2652	16	10	11	5	2015.8	1.2	0.1486
1543	catheter	-0.2675	0.4384	3	22	31	15	2014.6667	10.4	1.4519
1577	caustic ingestion	-0.3606	1.1453	5	5	5	7	2014.8571	5.7143	0.9225
1605	cdh	0.0335	0.3553	17	136	640	403	2013.9429	9.6377	1.3322
1620	cecostomy	0.6254	0.0644	12	11	19	10	2015.2	5.3	0.6662
1653	central line	-0.2505	0.8047	5	3	4	5	2013.6	5.6	0.6463
1662	central venous catheter	-0.1991	0.6468	5	20	37	27	2013.8889	14.1481	1.9556
1676	centralization	-0.0218	-0.8236	14	9	11	7	2015.2857	7.7143	1.062
1686	cervical	-0.4421	0.3673	3	8	9	5	2011.4	8.2	0.8027
1733	chemotherapy	-0.2568	0.2299	7	15	30	23	2013.7391	5	0.7329
1748	chest wall	-0.7019	0.0215	1	30	57	31	2014.3548	6.871	1.3383
1765	chick embryo	1.0337	-0.2777	12	3	8	12	2012.4167	2.1667	0.2312
1768	child abuse	-0.5963	-0.9219	2	8	20	15	2015.8	4.7333	0.7739
1822	cholangitis	-0.7073	-0.4347	9	12	24	15	2014.5333	5.9333	0.9731
1823	cholecystectomy	-0.8002	0.2034	11	16	36	19	2013.6316	15	1.4992
1830	choledochal cyst	-0.5333	-0.1166	9	40	82	68	2013.0735	9.1618	1.1796
1838	cholestasis	0.3351	0.1811	10	33	55	24	2012.4583	13.7083	1.5212
1880	chronic pancreatitis	-1.0399	-0.2866	9	2	3	8	2013.625	4.375	0.4932
1893	chylothorax	0.378	-0.02	11	25	39	23	2013.2609	5.2174	0.8379
1908	circumcision	0.2736	-0.498	14	11	12	18	2014.4444	7.1667	0.8772
1917	citrulline	0.6999	0.7608	11	8	13	5	2015.4	5	0.6195
1922	classification	-0.2952	-0.4688	2	11	11	6	2015.6667	3.5	0.7111
1968	cloaca	0.631	-0.8654	8	29	61	33	2013.697	5.0909	0.6671
1973	cloacal exstrophy	0.4676	-0.6307	16	17	21	18	2014.7222	3.6667	0.6188
2000	coagulopathy	-0.596	-1.1284	9	2	2	6	2015	6.3333	0.6861
2015	colectomy	0.1446	-0.3445	15	24	31	12	2014.5	6.9167	0.9093
2016	colitis	0.4438	-0.4012	15	13	16	8	2013.75	7.125	0.9484
2038	colon	0.4201	0.3229	11	27	34	15	2012	7.4667	0.7209
2045	colon interposition	0.0899	1.2673	6	11	15	8	2014.75	7.625	1.645
2051	colonic atresia	0.1385	0.6528	6	9	10	5	2010	2.6	0.2255
2082	colorectal surgery	-0.3975	0.3927	6	11	14	10	2016.9	5	3.178
2084	colostomy	0.3718	-0.4587	15	24	34	16	2013.6875	5.4375	0.5966
2090	colovaginoplasty	0.9626	-1.0881	8	5	9	5	2012.8	5.8	0.6891
2096	common bile duct	-0.4303	0.1685	11	6	7	6	2013.1667	4.1667	0.436
2107	communication	-0.4825	0.3887	1	6	6	5	2015.4	3.2	0.6098
2152	complication	-0.2745	-0.1578	18	163	339	195	2013.8205	8.2051	1.1504
2189	congenital	0.0424	0.0899	3	32	46	31	2013.3548	6.871	0.9365
2195	congenital adrenal hyperplasia	0.4128	-1.0001	8	7	9	7	2014.7143	8.1429	2.4563
2199	congenital anomalies	0.1184	-0.321	16	42	57	23	2013.4783	12.4348	1.5086
2205	congenital biliary dilatation	-0.7353	-0.2942	9	10	11	5	2015	2.8	0.2698
2244	congenital esophageal stenosis	-0.2711	0.9595	5	7	8	5	2013.2	9.8	0.9463
2256	congenital heart disease	0.4275	-0.1606	16	33	46	24	2015.0833	7.1667	1.1225
2263	congenital hyperinsulinism	-1.0616	-0.4589	9	1	7	7	2013.8571	10.4286	1.1231
2314	congenital tracheal stenosis	-0.6264	0.6105	5	9	12	13	2015.2308	4.4615	0.7481
2327	conjoined twins	-0.3626	-0.5169	2	6	6	7	2012.8571	3.4286	0.4531
2340	conservative management	-0.7588	-0.1366	1	24	28	21	2014.3333	9.8571	1.483
2344	constipation	0.9088	0.0261	12	48	142	81	2013.9012	8.0494	1.2627
2350	continence	0.6179	-0.5239	15	19	28	11	2014.7273	10.2727	2.1542
2428	cost analysis	-0.5916	-0.534	2	48	96	42	2014.619	10.381	1.3929
2438	costal cartilage	-1.0945	0.2984	1	4	7	6	2012.5	9	0.9359
2455	cpam	-0.2238	0.4246	3	71	155	98	2014.4592	9.5204	1.3886
2476	critical care	-0.4101	-0.072	17	11	15	8	2015.5	3	0.9391
2497	cryptorchidism	0.4232	-0.6023	4	42	100	58	2014.1897	9.2241	1.2536
2501	ct	-0.671	-0.1098	13	46	110	62	2013.1452	8.7419	1.0196
2562	cystic fibrosis	0.4571	0.3383	10	12	18	10	2013.8	9.7	1.139
2565	cystic hygroma	-0.002	0.0825	3	7	12	6	2011.1667	10.1667	1.1054
2592	cytokines	-0.3816	-0.3783	9	8	9	8	2013.125	4.5	0.5964
2717	dermoid cyst	-0.9031	0.6435	1	5	6	5	2012.4	2.2	0.1988
2731	developing country	0.0993	-0.7864	2	9	10	6	2015.1667	4.8333	0.698
2733	development	0.326	-0.4259	8	20	21	9	2014.5556	3.5556	0.5102
2765	diagnosis	-0.0096	0.21	3	50	70	45	2013.8667	8.8	1.1145
2773	diagnostic imaging	-0.432	-0.1241	13	10	16	7	2015.2857	8.1429	1.2119
2785	diaphragm	0.1862	0.7026	7	23	49	25	2015.12	3.44	0.5289
2873	disorders of sex development	0.4272	-0.9864	8	8	9	5	2016.2	3.8	0.5589
2878	disparities	-0.1	-0.6576	2	8	10	8	2014.75	20.125	2.3983
2898	distraction enterogenesis	1.3646	0.9869	10	7	40	14	2014.4286	9.7143	1.4667
2957	down syndrome	0.5325	-0.4433	16	19	24	15	2012.6	6.6	0.6789
2963	drainage	-0.6862	0.3897	1	15	22	10	2012.6	12.1	1.276
2991	duodenal atresia	0.4873	0.0451	16	28	38	22	2012.5909	6.4091	0.7397
2997	duodenal obstruction	0.6302	-0.0359	16	10	13	8	2014	3.5	0.4417
3022	duplication cyst	-0.3428	0.0664	3	15	16	8	2011.5	9.875	0.9059
3044	dysmotility	1.1088	0.5889	10	8	11	5	2010.6	12.6	1.2523
3046	dysphagia	-0.2815	1.2516	5	9	15	9	2015.8889	5.4444	1.0149
3088	echocardiography	0.7409	-0.0919	16	13	15	7	2012	6.5714	0.7796
3093	ecmo	-0.3965	0.1912	17	67	213	106	2014.5755	11.8208	1.6353
3125	education	-0.5121	-0.4571	1	8	15	13	2015.3846	6.2308	0.9144
3174	embolization	-0.1901	-0.1325	2	8	10	8	2012	7.875	0.786
3175	embryology	0.5789	-0.4675	16	21	30	16	2012.0625	6.125	0.6264
3183	emergency	-0.2118	-0.4948	15	7	8	5	2013.8	6.6	0.7164
3205	empyema	-0.7927	0.6631	3	8	12	11	2013.3636	11.2727	1.3458
3267	endoscopic treatment	-0.467	0.4627	1	49	78	43	2014.0233	5.7674	0.8286
3291	endovascular	-1.0147	-0.5449	9	5	6	6	2013.5	4.1667	0.4597
3296	enema	0.8606	0.1544	12	23	39	18	2014.2222	5.6111	0.7473
3305	enhanced recovery after surgery	-0.3322	0.4464	6	10	11	7	2016.8571	6.8571	1.4276
3317	enteral feeding	0.3307	0.474	10	17	25	11	2015	7.2727	1.2929
3331	enteric nervous system	1.3493	0.0078	12	24	49	34	2013.7941	4.4118	0.547
3337	enteric neural crest-derived cell	1.5886	0.0033	12	2	8	5	2016.6	1.8	0.6486
3342	enterocolitis	0.734	-0.1556	12	29	63	31	2013.2903	12	2.2593
3358	enterostomy	0.2048	0.1834	15	18	19	6	2014.6667	6.6667	0.7562
3376	epidemiology	-0.034	-0.4426	4	33	55	28	2014.5714	14.0357	1.6169
3390	epidural	-0.8265	0.3883	1	13	20	9	2013.5556	12.5556	1.5667
3423	ercp	-0.9408	-0.1956	9	13	19	18	2013.2222	9	1.0231
3441	esophageal atresia	-0.0992	0.8057	6	111	420	233	2014.5279	8.7597	1.5132
3467	esophageal lengthening	0.1867	1.1133	6	4	13	7	2014.2857	4.1429	0.6763
3471	esophageal motility	-0.193	1.2666	5	4	6	5	2014.2	4.6	0.4955
3478	esophageal replacement	0.0361	1.3083	6	17	36	19	2013.4737	16.1579	1.8273
3482	esophageal stenosis	-0.3052	1.015	5	13	22	19	2012.7368	10.5789	1.2065
3492	esophagitis	-0.3057	1.2264	5	7	8	5	2014.8	5.4	0.8043
3504	esophagus	0.0703	0.4257	7	33	46	26	2012.9231	5.4231	0.5906
3530	etiology	0.4404	-0.2129	16	18	21	14	2014	8.8571	1.1841
3549	evidence-based medicine	-0.9363	0.3149	1	6	9	7	2013	11.2857	1.1625
3553	ewing sarcoma	-0.3561	0.1905	7	16	18	12	2013.25	7.8333	0.9148
3558	ex utero intrapartum treatment	-0.0877	0.5309	3	9	13	8	2012.875	11.5	1.5456
3574	exomphalos	0.7329	-0.2643	12	48	104	63	2013.2381	8.0794	1.0469
3647	extrahepatic portal hypertension	-0.847	-0.445	9	4	4	6	2013	6.1667	0.6614
3649	extrahepatic portal vein obstruction	-0.7927	-0.4591	9	2	5	8	2013.5	5.5	0.53
3671	extremely low birth weight	0.0203	0.5336	6	19	22	10	2016	4.6	0.5897
3683	exıt	-0.0723	0.3751	3	12	17	9	2012.6667	16.4444	1.7567
3708	failure to thrive	-0.399	0.7927	15	7	9	5	2014.8	11	1.3943
3716	familial	0.66	-0.1396	16	11	20	12	2013.8333	4.6667	1.1737
3717	familial adenomatous polyposis	0.043	-0.5845	15	4	7	5	2013.2	15.8	2.1066
3748	feasibility	-1.1191	0.0089	1	6	6	6	2014.6667	3.1667	2.0434
3759	feeding	0.2737	0.6366	6	14	19	9	2015	4.6667	1.0041
3774	female	0.2384	-0.9488	8	11	12	6	2011.8333	10	0.9198
3790	fertility	-0.0897	-0.7707	4	18	32	16	2014.4375	13.25	1.42
3796	fetal	0.4794	0.1846	7	38	66	25	2013.08	9.68	1.2407
3834	fetal mrı	0.5014	-0.1448	3	14	19	8	2014.25	10.375	1.4703
3849	fetal stem cells	0.9674	0.4498	7	7	17	5	2017.4	2.6	0.9404
3851	fetal surgery	0.6061	0.329	7	42	133	57	2013.8246	12.7193	1.5679
3901	fibrosis	0.4671	0.6732	6	7	8	5	2014.8	3.8	0.7732
3930	fistula	0.0623	0.0414	3	20	25	13	2012.8462	10.3846	1.7252
3932	fistula in ano	1.0516	-0.561	8	7	12	5	2015.4	4	0.5929
3934	fistula-in-ano	-0.859	0.3278	1	4	9	5	2012.2	8.6	0.8044
3946	flaps	0.1663	-1.0235	8	6	17	5	2012.4	7.4	0.8217
3968	fluoroscopy	-0.2387	0.7828	5	10	11	9	2016.3333	5	1.8074
3996	follow-up	-0.4369	-0.3433	13	39	58	31	2014.8387	10.871	1.3615
4014	foregut	-0.2258	0.4997	1	10	13	7	2012	3.8571	0.3507
4020	foreign body	0.1108	0.5407	11	14	16	14	2013.8571	6.9286	1.0931
4091	functional outcome	0.901	-0.4794	12	9	13	6	2014.6667	11.3333	1.741
4099	fundoplication	-0.1555	0.9177	5	43	115	55	2013.6727	7.9818	1.0121
4122	gallbladder	-0.033	-0.0557	7	5	6	7	2013.4286	8.1429	1.0219
4136	gallstones	-0.8128	0.151	11	11	17	10	2015.3	5.8	1.0147
4143	ganglioneuroma	0.4443	0.8243	4	4	8	8	2012	6.875	0.7061
4166	gastric emptying	-0.1651	1.2073	5	9	14	8	2013	9.125	0.8763
4176	gastric outlet obstruction	-0.3894	1.0253	5	6	7	8	2012.375	3.5	0.3072
4180	gastric pull-up	0.1305	1.4019	6	6	11	6	2014.1667	5	0.6044
4185	gastric transposition	0.0929	1.4055	6	8	13	5	2014	12.6	1.5497
4186	gastric tube	0.074	1.3112	6	6	11	5	2015.2	8	1.4635
4208	gastroesophageal reflux	-0.076	1.0016	5	53	141	73	2013.4247	9.5479	1.1685
4215	gastrointestinal	0.0567	-0.0363	2	20	24	19	2014	4.5789	0.783
4253	gastroschisis	0.2304	-0.2054	14	108	318	164	2013.9939	9.3598	1.3135
4256	gastrostomy	-0.2709	0.6408	5	31	67	40	2014.95	7.525	1.0329
4271	gender	0.0358	-0.7125	2	9	10	7	2015.4286	9.7143	1.3498
4293	general surgery	-0.2527	-0.8231	14	8	8	6	2015.5	7.8333	0.8766
4311	genetics	0.702	-0.3057	16	25	49	30	2013.8	8.5333	1.3312
4321	genitofemoral nerve	0.5444	-0.7948	4	7	11	5	2013.2	8.8	1.1723
4336	gerd	-0.186	1.0412	5	19	31	16	2014.4375	6.125	1.002
4340	germ cell tumor	0.1326	-0.2667	2	6	12	11	2014.7273	4.4545	0.522
4343	germ cells	0.4516	-0.8098	4	6	10	5	2016.4	10.4	2.2071
4345	gestational age	0.3898	0.4069	10	10	15	7	2015.1429	9	1.5384
4350	ghrelin	0.8477	0.2496	10	7	8	5	2016	2.6	0.4479
4375	global health	-0.3007	-0.6374	2	9	10	10	2014.9	13.9	3.7239
4378	global surgery	-0.2008	-0.6154	2	21	26	26	2016.5769	5	2.01
4458	growth	0.0095	-0.1389	15	39	50	24	2014.0833	10.7917	1.193
4474	gubernaculum	0.5468	-0.6802	4	14	38	18	2012.7222	10.1111	1.1138
4478	guideline	-0.812	0.0612	1	13	18	12	2015.0833	4.9167	0.7855
4494	gynecomastia	-0.1162	-1.0299	8	4	5	6	2011.8333	6.8333	0.6952
4576	health resources	-1.0266	0.1033	17	8	9	5	2016.2	4.6	0.9016
4581	health-related quality of life	-1.0272	-0.0033	1	11	12	8	2015.625	8.5	1.1571
4619	hemangioma	-0.2955	0.3187	11	16	17	14	2012.2857	9.5	0.9842
4659	hemorrhage	-0.5658	-0.2393	17	12	13	6	2015.8333	3.8333	0.5556
4671	hepatectomy	-0.6849	0.4413	5	5	5	6	2014.1667	6.1667	0.7506
4688	hepatic fibrosis	0.856	0.3522	10	8	12	7	2013.4286	8.5714	1.1626
4716	hepaticoduodenostomy	-0.781	-0.3075	9	5	12	5	2013.2	20	2.061
4717	hepaticojejunostomy	-0.6983	-0.3111	9	8	23	12	2013.25	14.3333	1.5854
4747	hernia	-0.3809	-0.5788	14	35	70	40	2013.55	8.475	0.9585
4825	hirschsprung's disease	0.9381	-0.0952	12	111	474	295	2014.4881	6.4339	1.1391
4852	histopathology	0.228	-0.388	2	27	35	18	2013.6111	4.4444	0.5208
4853	history	0.0302	-0.836	14	5	5	6	2014.5	2.8333	0.6163
4944	hydatid cyst	-1.0193	0.1629	1	6	8	7	2011.4286	4	0.3962
4949	hydrocele	-0.2635	-0.742	4	9	11	8	2013	9.75	1.0462
4951	hydrocephalus	0.2218	-0.5327	4	11	12	8	2012.5	9	1.1413
4956	hydrocolpos	0.7525	-1.0576	8	6	8	5	2014	9.4	1.0303
4967	hydronephrosis	-0.4602	0.2378	13	18	36	18	2012.3889	6.8333	0.7427
4968	hydrops fetalis	-0.0051	0.4088	3	13	22	13	2012.8462	16.8462	1.8918
4969	hydrosalpinx	-0.3156	-0.723	4	3	5	5	2013.6	9.4	1.0274
4972	hydrostatic reduction	-0.3155	-0.4224	13	6	10	5	2014.2	5.4	3.3707
5012	hypertrophic pyloric stenosis	-0.5868	0.1235	1	17	26	17	2014.4706	7.4118	0.8928
5024	hypoplastic lung	0.1398	0.9319	17	4	13	13	2010.5385	7.6923	0.6994
5026	hypospadias	0.1829	-0.8066	8	37	80	52	2013.9038	6.4231	0.9809
5038	hypoxia	0.5814	0.8048	6	10	12	6	2013.8333	9.6667	1.3423
5079	incontinence	0.9271	-0.176	12	44	154	80	2013.9875	8.4	1.176
5084	infant	0.0116	-0.2312	2	8	8	5	2014.8	4.2	1.4369
5088	infection	-0.1758	0.1301	6	24	45	25	2015.88	6.92	1.8818
5091	inflammatory bowel disease	0.0967	-0.2517	15	18	34	24	2014.9583	6.5	1.3828
5097	inguinal hernia	-0.4658	-0.583	2	22	34	23	2014.7391	4.087	0.9851
5131	intestinal failure	0.0699	-0.3352	2	6	10	6	2017.5	4.3333	2.0456
5176	jaundice	-0.4548	-0.21	9	13	26	14	2011.3571	4.2857	0.3918
5191	jejunostomy	0.2468	0.2959	15	17	18	8	2015.125	3.25	0.7578
5239	kidney	-0.2886	0.1287	13	43	83	60	2013.0333	5.95	0.7799
5251	kidney transplantation	0.2753	0.5257	11	5	6	5	2013	6.8	0.8734
5257	kids' ınpatient database	-0.0689	0.0322	15	23	24	7	2013.7143	16.5714	2.0544
5327	laparoscopic cholecystectomy	-0.9165	0.0739	11	8	11	10	2013.1	9.9	1.2549
5342	laparoscopic hernia repair	-0.5328	-0.7704	2	2	2	5	2012.8	14.2	1.4593
5356	laparoscopic pyloromyotomy	-0.5317	0.055	1	10	12	5	2013.4	12.6	1.8952
5388	laparoscopy	-0.1584	-0.0334	1	180	619	371	2013.3154	8.4016	1.0842
5398	laparotomy	-0.0756	-0.1917	15	27	36	12	2014.1667	8.25	1.996
5461	learning curve	-0.7245	0.0592	1	9	11	5	2015.4	7.2	1.037
5487	length of stay	-0.3828	0.0324	2	41	72	25	2015.44	5.32	0.9424
5548	lipoblastoma	-1.1473	-0.1699	13	2	2	7	2011.2857	6.1429	0.6036
5551	lipoma	-0.9132	0.6304	1	5	5	5	2010.6	6.6	0.5757
5568	liver	0.1097	0.1184	16	44	67	40	2013.025	8.8	1.0262
5583	liver fibrosis	0.1	-0.0852	9	17	36	19	2014.8421	7.6316	0.843
5600	liver transplant	-0.3649	-0.1796	9	38	83	78	2013.9231	7.2051	0.9329
5603	liver tumor	-0.6601	0.4853	5	4	5	6	2013.8333	6.1667	0.7275
5615	lobectomy	-0.5708	0.3306	17	5	7	7	2014.4286	8.5714	0.9386
5640	long gap esophageal atresia	0.1035	0.9739	6	26	51	32	2013.9375	7.5	0.9054
5664	long-term outcome	-0.0351	-0.3185	9	61	121	60	2014.3333	12.3167	1.7301
5719	lung	-0.0581	0.7069	3	29	71	39	2013.6923	7.1538	0.9403
5729	lung development	0.1233	0.7544	17	14	31	16	2013.125	8.3125	1.6169
5780	lymphatic malformation	-0.0512	0.1007	3	36	53	31	2013.2581	7.8387	0.9451
5841	male	0.034	-0.9952	8	19	30	10	2012.3	8.5	0.8459
5848	malformation	-0.2311	0.3543	1	14	18	9	2011.5556	11.2222	1.1274
5851	malignancy	0.1072	0.0417	3	11	11	14	2012.6429	6.6429	0.7178
5867	malnutrition	-0.3965	-0.2825	15	10	12	6	2017.1667	0.8333	0.3126
5874	malrotation	0.4271	0.2589	10	36	78	48	2013.8333	6.625	0.9612
5933	matrix metalloproteinase	0.4944	-0.2904	4	9	13	5	2012	4.4	0.4991
5953	mechanical enterogenesis	1.4751	0.9902	10	5	35	11	2014.2727	10.1818	1.4176
5957	mechanical ventilation	-0.3489	0.3605	5	11	16	5	2017	6	2.7589
5963	meckel's diverticulum	-0.0324	-0.5648	2	10	12	8	2014.75	7	2.2673
5967	meconium ileus	0.5316	0.3342	10	8	13	6	2013.6667	13.3333	1.5874
5970	meconium peritonitis	0.3594	0.2883	10	11	11	6	2012.3333	6.1667	0.7008
5993	mediastinum	-0.6995	0.5312	3	13	13	6	2011.1667	5.5	0.6204
6065	mesenchymal hamartoma	-0.1541	0.212	11	5	5	7	2012	4.2857	0.431
6113	meta-analysis	-0.4881	0.0422	1	65	118	54	2015.1111	11.7593	1.6706
6142	metastasis	-0.213	0.1937	7	14	27	16	2014.5625	6.375	1.1626
6165	microbiome	0.379	-0.3739	14	12	15	7	2015.1429	12.8571	2.2273
6205	midgut volvulus	0.6311	0.3825	10	13	18	8	2013.75	5.125	0.7784
6229	minimal invasive surgery	-0.5459	0.1962	1	88	214	105	2013.219	10.3333	1.3635
6271	mitomycin c	-0.3516	1.1007	5	6	10	6	2013.3333	20.3333	2.3695
6333	morbidity	-0.2151	0.1072	2	47	89	33	2014.697	10.5758	1.7273
6334	morgagni hernia	-0.8156	-0.1112	14	10	23	11	2012.9091	6.8182	0.7835
6340	mortality	-0.1345	-0.2734	2	81	183	70	2014.4429	10.7714	1.5665
6359	mouse	0.5439	-0.2931	4	13	15	7	2013.1429	5.8571	0.8315
6368	mr	-0.0815	-0.3414	13	18	27	12	2013.6667	8.75	0.9732
6377	mrı	0.2792	-0.001	7	28	41	21	2013.9048	5.3333	0.6396
6506	mutation	0.357	-0.2636	1	11	13	6	2011.6667	9.1667	0.9053
6519	myelomeningocele	0.9294	0.269	7	20	70	27	2014.9259	11.4815	1.5149
6543	mıs	-0.7999	0.4972	3	9	10	5	2014.6	8.4	1.7208
6631	nec	0.2585	0.211	6	109	298	204	2014.2206	9.4951	1.5114
6637	neck	-0.0615	0.2138	3	13	14	8	2011.375	13.125	1.0878
6666	negative pressure wound therapy	-0.4064	0.0744	6	8	12	7	2013.5714	3.8571	0.4745
6676	neonatal	0.0244	0.1829	6	178	439	225	2013.3556	7.7289	0.942
6685	neonatal cholestasis	-0.8102	-0.5774	9	5	9	6	2015.6667	5	1.073
6693	neonatal intensive care	-0.0889	-0.4751	16	10	13	5	2011.2	19.2	1.7142
6720	neonatal surgery	0.0243	-0.3938	14	53	84	41	2014.4146	8.1463	1.5032
6731	neoplasm	-0.1606	-0.7121	4	7	9	5	2013.6	12.4	1.3119
6787	neurodevelopment	-0.2159	-0.3308	15	26	50	26	2014.3846	14.9231	1.8886
6801	neurogenic bladder	0.8095	-0.1468	7	9	13	9	2014.6667	5	0.6462
6802	neurogenic bladder dysfunction	0.6752	0.0396	7	7	10	5	2012	11.2	1.0879
6869	nissen fundoplication	-0.1508	0.8332	5	11	18	12	2012.3333	7.9167	0.8995
6909	non-operative management	-0.6952	-0.1605	3	31	56	35	2015.1429	10.9143	1.9485
6973	nsqıp	-0.5592	-0.2959	15	33	51	21	2017.0476	4.0952	1.0272
6990	nuss	-0.9593	0.3606	1	29	104	56	2013.9821	8.875	1.3738
6996	nutrition	0.0171	0.0209	15	22	27	12	2015.25	7.5833	0.9575
7006	nıcu	-0.2071	0.555	6	9	11	6	2017.5	1.1667	0.2002
7011	obesity	-0.613	0.0195	1	24	57	30	2014.3667	7.1333	1.033
7030	obstructive uropathy	0.4427	-0.0123	4	10	16	9	2011.6667	5.2222	0.5346
7039	octreotide	0.4178	-0.0681	11	8	15	6	2013.3333	7.3333	1.066
7094	oncology	-0.1232	0.0552	4	106	294	333	2013.5556	7.5015	0.9417
7108	oophorectomy	-0.0079	-0.7619	4	6	11	7	2016.4286	5	1.3347
7129	open surgery	-0.8953	0.5161	1	16	20	8	2014.75	8.25	1.1096
7161	operative technique	-0.2318	0.7194	6	9	10	6	2012.6667	11	1.3639
7189	orchidopexy	0.3891	-0.7216	4	39	103	75	2013.1467	7.8933	0.9568
7222	osteomyelitis	-1.0303	0.2244	1	4	4	7	2010.8571	5.5714	0.5324
7225	osteosarcoma	-0.4638	0.0906	17	18	28	17	2014.2353	6.1765	0.9491
7227	ostomy	0.2198	0.2714	6	20	28	13	2014.3846	5.4615	0.8359
7235	outcome	-0.2264	-0.1772	2	175	506	247	2014.6478	10.336	1.7611
7248	outpatient	-0.6607	-0.6101	13	8	8	5	2016.2	4.4	0.6348
7277	ovary	0.246	-0.4838	4	35	56	47	2013.8936	12.8298	1.5426
7302	oxidative stress	0.6213	0.1221	4	19	28	23	2012.3913	8	1.0149
7344	pain	-0.7178	0.2157	1	22	43	24	2014.7917	8.4583	1.2464
7365	pancreas	-0.8038	-0.3508	9	32	70	63	2012.1111	10.9683	1.1897
7390	pancreatic pseudocyst	-1.0294	-0.5239	9	5	7	5	2012.2	2.6	0.2452
7455	parenteral nutrition	0.6445	0.3045	10	57	138	68	2014.6324	10.4265	1.5076
7484	patch	-0.7387	0.1155	14	14	22	11	2014.5455	18.7273	2.2211
7491	patent ductus arteriosus	0.7345	-0.0072	16	5	5	5	2013.4	2.8	0.3252
7497	patent processus vaginalis	-0.1428	-0.8936	2	6	14	7	2013.8571	10	1.1829
7501	pathogenesis	0.5574	-0.3483	14	11	13	8	2012.75	8	1.1013
7508	pathology	0.2487	0.1159	7	17	23	12	2014.4167	8.75	1.2985
7521	patient safety	-0.1309	-0.4155	2	11	13	10	2014.7	9.7	1.2249
7557	pectus carinatum	-1.1392	0.1075	1	26	49	28	2015.1429	7.1429	1.0886
7559	pectus excavatum	-0.9819	0.245	1	46	160	107	2014.0654	8.4766	1.3206
7748	peg	-0.4566	0.7407	5	9	30	18	2014.5	9.7778	1.1715
7792	penis	0.2141	-0.8272	8	13	20	8	2011.25	8.375	0.7852
7807	percutaneous	-0.268	0.3579	2	14	14	5	2014.8	5.6	0.8453
7901	peritoneal dialysis	0.2778	0.5774	11	8	12	10	2014.8	4.1	0.4943
7914	peritonitis	0.3315	0.5302	11	10	10	5	2011.8	6	0.5456
7995	phıs	-0.1806	-0.4465	2	11	11	6	2014.8333	10.5	1.3769
8007	pilonidal disease	-0.3234	0.7444	6	8	9	12	2015.5	7.4167	1.9069
8018	placenta	1.1039	0.7061	7	6	10	6	2015.3333	2.3333	0.2853
8048	pleural effusion	-0.1131	0.4363	3	11	12	7	2013	7.1429	0.948
8053	pleuropulmonary blastoma	-0.1644	0.5992	3	7	9	5	2013.4	15.8	2.2251
8057	plication	0.4528	0.9164	7	7	9	6	2015.6667	3.3333	0.6319
8080	pneumoperitoneum	-0.3025	-0.3202	9	21	23	10	2014.1	5.7	0.6187
8081	pneumothorax	-0.399	0.6045	3	16	18	16	2013.875	5.8125	0.7696
8105	polymorphism	0.1828	-0.2466	1	6	7	6	2012.6667	2.8333	0.2783
8144	portal hypertension	-0.6431	-0.3572	9	17	29	19	2012.4737	5.1053	0.4927
8152	portal vein	-0.6136	-0.4651	9	18	25	14	2012.1429	7.4286	0.7232
8169	portosystemic shunt	-0.8087	-0.4965	9	13	13	8	2013.875	6.125	0.6745
8212	posterior urethral valves	0.3153	-0.1939	7	11	12	11	2014.7273	3.8182	0.3623
8224	postoperative	-0.472	0.1212	1	53	75	41	2014.8293	5.122	0.9609
8303	prediction	0.0948	-0.1484	13	18	25	14	2014.2857	8.2857	1.7735
8317	pregnancy	0.4962	-0.736	16	4	4	5	2013.6	2.8	0.4934
8324	premature	0.2287	0.0406	6	82	180	87	2014.3908	10.0805	1.3369
8398	prevalence	0.3308	-0.137	16	10	11	7	2015.1429	8.7143	2.4928
8401	prevention	0.354	0.2352	17	16	19	10	2012.6	14	1.6478
8404	primary anastomosis	0.1932	0.33	6	13	20	8	2014	9.5	2.4848
8405	primary closure	0.1194	-0.7377	14	4	10	5	2016.4	5	0.4884
8421	primary repair	-0.0056	0.956	6	10	13	8	2012.875	9.875	1.1995
8428	probiotics	0.7331	0.3239	17	9	17	10	2014.9	21.6	2.9319
8435	process improvement	-0.7042	-0.8913	2	7	13	5	2016.4	7	1.7317
8441	prognosis	0.234	-0.0269	7	53	111	63	2014.4444	7.0476	0.9954
8455	progressive familial intrahepatic cholestasis	-1.3398	-0.9591	9	3	6	9	2013.8889	6.8889	1.04
8462	proliferation	0.5538	0.398	4	14	31	17	2012.7059	11.9412	1.6002
8511	protocol	-0.9652	-0.1132	11	14	24	10	2014.6	10.9	1.6424
8529	psarp	0.9876	-0.6091	8	29	81	38	2014.5	5.2368	0.9485
8568	public health	-0.299	-0.6703	2	14	15	8	2016.75	3.125	0.7739
8589	pulmonary	0.1709	0.5925	17	53	220	123	2014.252	7.6504	1.1477
8645	pyeloplasty	-0.6828	0.3212	13	9	18	12	2014.5833	5.6667	0.7924
8653	pyloromyotomy	-0.4522	0.0235	1	49	84	55	2013.6909	6.7273	0.9673
8678	quality	-0.1871	-0.1729	2	92	238	128	2015.3438	6.9453	1.374
8696	questionnaire	-0.3395	-0.7726	14	7	8	6	2015.5	8.5	1.2454
8700	rabbit	0.3759	0.142	7	10	10	7	2013.7143	1.5714	0.4809
8704	race	-0.0624	-0.7251	2	8	9	6	2016.1667	8.8333	1.5011
8712	radiation	-0.3275	-0.1671	13	32	61	30	2014.7333	6.8	1.2921
8780	rat	0.5282	-0.0729	4	51	86	54	2013.1111	8.9259	1.0137
8797	reactive oxygen species	0.7063	-0.1971	4	5	7	5	2014.4	7.4	0.8779
8798	readmission	-0.8842	-0.3937	2	11	23	12	2015.6667	8.5833	1.3397
8816	reconstruction	-0.0167	-0.6988	8	17	20	13	2013.3846	4.3846	0.5939
8827	rectal biopsy	1.1254	-0.0898	12	10	32	16	2015.125	6	0.8331
8838	rectal prolapse	1.0411	-0.6795	8	11	26	21	2013.3333	4.7619	0.5625
8857	rectopexy	1.1041	-0.7446	8	4	16	9	2012.2222	7.1111	0.6631
8869	rectum	0.5512	0.1337	3	15	18	10	2012.2	4.7	0.4758
8872	recurrence	-0.1762	-0.2325	14	80	156	81	2014.284	10.037	1.424
8893	recurrent tracheoesophageal fistula	-0.6089	0.727	1	8	11	5	2014.4	11.4	1.9292
8911	redo surgery	0.1943	0.4736	12	29	43	18	2013.7778	9.3889	1.1643
8915	reduction	-0.6261	-0.6388	13	8	14	5	2015.6	8.4	1.5531
8927	reflux	-0.2289	0.9854	5	17	21	7	2013.7143	9	1.1874
8935	regenerative medicine	0.9786	0.5266	7	19	50	22	2013.8182	16.0455	2.5085
8942	regionalization	-0.4766	-0.7892	14	7	12	7	2014.5714	12.5714	1.712
8947	registry	0.068	-0.6526	2	11	13	7	2015.2857	5	0.8711
9012	repair	-0.8361	-0.2172	11	22	34	12	2015.25	10.5	1.785
9017	reperfusion injury	0.6914	-0.0655	4	7	15	9	2012.3333	11.1111	1.3309
9032	resection	0.3053	-0.2873	15	15	17	7	2012.5714	10.5714	1.1859
9053	resource utilization	-0.8956	-0.332	2	15	30	14	2014.8571	8.7857	1.3344
9058	respiratory distress	0.1732	0.5404	7	14	27	15	2013.1333	7.8	0.8415
9071	restorative proctocolectomy	0.1407	-0.5458	15	8	17	12	2013.0833	10.25	1.1853
9074	resuscitation	-0.5465	-0.0768	17	8	13	7	2015.4286	3.4286	0.6741
9077	ret	0.8893	-0.3684	16	5	12	12	2012.3333	13.5	1.3157
9090	retinoic acid	0.6532	0.7374	6	10	23	14	2012.9286	6.4286	1.3388
9135	review	-0.1255	-0.1659	1	67	104	53	2015.3585	10.717	1.7895
9143	rex shunt	-0.778	-0.4638	9	7	11	9	2012.4444	7.5556	0.6683
9154	rib	-1.0227	0.2892	1	8	11	6	2012.3333	7.6667	0.781
9186	risk factor	-0.0845	-0.0176	6	83	140	64	2014.75	9.8281	1.4499
9208	robotic surgery	-0.506	-0.0571	13	22	32	19	2012.7895	12.2105	1.3939
9222	rotavirus	0.1932	-0.1682	16	7	10	5	2011.8	8.6	0.8777
9274	sacrococcygeal teratoma	0.2047	-0.2851	2	32	47	30	2013.4333	7.4333	0.9112
9279	safety	-0.359	-0.3434	13	18	22	12	2013.6667	8.5	0.9277
9340	scintigraphy	-0.0506	1.1276	5	5	6	5	2014.2	16.8	1.3875
9343	sclerotherapy	0.0964	-0.0198	3	17	33	22	2013.7727	9.8182	1.2824
9345	scoliosis	-0.8807	0.2451	1	12	15	8	2014.625	4.125	0.7609
9354	screening	-0.1536	-0.5467	4	19	23	14	2015.4286	6.3571	1.286
9453	sensitivity	-0.1483	-0.7368	4	5	5	5	2014	9.8	1.0418
9464	sepsis	-0.1564	-0.366	2	18	25	14	2013.5	7.3571	0.9923
9534	shock	-0.5825	-0.7201	2	9	24	12	2015.25	5.9167	1.3549
9544	short gut	0.7071	0.5255	10	76	250	134	2014.2239	10.2537	1.2973
9590	silo	0.2682	-0.6636	14	9	21	11	2014.0909	7.7273	1.0372
9599	simulation	-0.5884	-0.0976	1	13	27	14	2015.0714	5.2143	0.6975
9609	single incision	-0.6958	0.1447	11	29	71	40	2013.05	18.05	1.7902
9728	small bowel	0.4388	0.122	10	41	53	40	2013.9	6.2	0.816
9740	small bowel transplantation	0.6832	0.1863	4	8	9	6	2011.1667	12.3333	1.0559
9760	smooth muscle	0.511	0.094	4	17	21	10	2011.3	3.8	0.4
9775	soave	1.4206	-0.226	12	16	38	15	2014.9333	6.4	1.3561
9828	sonography	-0.4504	-0.4193	13	11	18	8	2013.25	7.25	1.2386
9872	spigelian hernia	0.5903	-0.6516	4	5	8	5	2013.2	7.4	0.7894
9875	spina bifida	0.8581	0.0873	7	31	91	33	2014.6061	11.3333	1.4327
9902	spleen	-0.6064	-0.1728	2	42	77	52	2013.1538	9.8077	0.9988
9943	spontaneous intestinal perforation	0.3211	0.573	6	15	23	10	2016.1	3.8	0.6562
10016	stem cell	0.8287	0.3981	7	33	102	44	2014.3864	11.9091	1.6636
10024	stent	-0.4544	0.5064	5	12	13	9	2013.7778	5.3333	0.5123
10050	steroid	0.2045	-0.0779	11	16	20	12	2013.5833	8.4167	1.3969
10100	stricture	0.1608	0.2899	15	37	46	19	2013.1579	6.9474	0.8427
10123	subcutaneous	-0.8423	0.5541	1	11	11	5	2012	6.8	0.7227
10136	subglottic stenosis	-0.3614	0.6921	5	5	6	8	2013.75	4.75	0.5186
10294	surveillance	0.2855	-0.1701	16	13	13	6	2013.8333	14.5	1.5394
10296	survey	-0.3851	-0.6469	14	20	26	17	2014.5294	8.1176	1.2377
10298	survival	-0.2201	-0.2688	17	42	97	52	2014.2885	10.4231	1.9883
10316	sutureless	0.3878	-0.5342	14	8	9	6	2010.3333	10.3333	0.8809
10330	swenson	1.5356	-0.2369	12	6	15	6	2014.5	6.8333	0.9393
10370	sıls	-0.8969	0.3911	3	7	12	8	2013.5	10.625	1.2046
10373	sıpa	-0.6542	-0.8522	2	3	11	5	2018	2.4	1.3507
10420	technique	-0.7209	-0.034	9	26	32	17	2014.3529	5	0.6716
10433	telemedicine	-0.6328	-0.5325	13	6	6	8	2016.125	4.625	0.5846
10461	teratoma	0.1018	-0.2006	2	9	11	12	2013.25	5.5833	0.6372
10478	testicular cancer	0.3308	-0.7751	4	12	18	6	2015.6667	20.8333	3.0001
10499	testicular torsion	0.5341	-0.2204	4	16	19	15	2014	8.3333	1.0819
10507	testis	0.5888	-0.3682	4	27	52	34	2012.8235	9.0882	0.9901
10511	tethered cord	1.0906	-0.3141	7	9	17	10	2016	3.7	0.7227
10546	therapy	-0.7336	0.2777	11	5	5	6	2012.5	23.1667	2.0294
10599	thoracoscopy	-0.3716	0.5589	3	75	234	116	2014.1638	9.8103	1.3171
10601	thoracotomy	-0.6694	0.2684	17	27	57	26	2014.8077	7.8077	1.185
10602	thorax	-0.5312	0.5677	3	19	23	11	2013.3636	9.4545	1.2092
10620	thrombosis	-0.6134	-0.379	9	18	20	11	2013.6364	5.0909	0.7657
10628	thymus	-0.6834	0.5725	3	10	14	10	2013.8	7.5	0.9457
10634	thyroid	-0.1187	-0.6977	4	9	11	16	2014	8	0.9551
10659	timing	-0.9481	-0.2671	11	14	19	6	2016.8333	2.3333	1.0504
10669	tissue engineering	0.6988	0.4408	7	41	88	56	2014.0179	11.75	1.5148
10709	torsion	0.5746	-0.1223	4	12	21	14	2012.6429	10	1.0588
10752	trachea	-0.2753	0.7287	5	19	31	22	2013.8182	4.8182	0.7264
10785	tracheo-esophageal fistula	-0.3336	0.581	5	58	188	94	2014.4149	6.9255	1.0963
10806	tracheomalacia	-0.5214	0.7612	5	23	56	30	2014.7667	6.4333	1.2391
10809	tracheostomy	-0.283	0.5146	3	11	12	9	2013.7778	11.6667	1.4899
10818	training	-0.6793	-0.2087	1	11	22	21	2015.619	5.619	0.722
10841	transanal endorectal pull-through	1.3612	-0.1745	12	21	64	27	2013.963	8.8148	1.2617
10871	transfer	-0.2203	-0.7188	2	9	10	5	2015.2	3.6	0.4592
10878	transfusion	-0.6618	-0.4	17	11	14	8	2016.125	3.25	0.6257
10912	transplantation	0.3272	0.1132	7	22	24	11	2012.8182	9.7273	1.1736
10943	trauma	-0.4328	-0.5056	2	90	252	248	2014.7823	7.0363	1.0127
11094	twins	0.5049	-0.3779	16	12	12	6	2014.1667	2.6667	0.5499
11131	ulcerative colitis	0.0983	-0.4534	15	25	56	35	2014.2	7.3143	1.337
11138	ultrasonography	-0.2769	-0.0957	13	90	179	105	2014.2667	7.5238	1.1026
11154	umbilical cord	0.4952	-0.4849	14	8	10	5	2012	2.4	0.2184
11164	umbilical hernia	-0.2116	-0.8217	14	8	10	8	2015.875	4.375	0.738
11199	upjo	-0.6329	0.3032	13	12	23	12	2013.4167	7.75	0.8977
11221	urachus	-0.2453	-0.1185	3	6	8	5	2014.8	2.2	0.3174
11224	ureter	-0.367	-0.0364	13	11	17	11	2013.4545	2.4545	0.3605
11241	ureterocele	-0.3332	-0.0186	13	7	8	5	2015.8	1.6	0.7016
11245	ureteroscopy	-0.4517	-0.2508	13	5	5	6	2011.8333	14.6667	1.4979
11251	urethra	0.1893	-0.9145	8	13	36	14	2013.1429	6.6429	0.7303
11271	urethrocutaneous fistula	0.272	-0.605	14	3	3	5	2014	2.4	0.3719
11272	urethroplasty	0.3808	-0.971	8	10	23	15	2013.6	5.3333	0.5613
11299	urinary tract infection	-0.2319	-0.0497	13	16	34	17	2014.4118	5.2353	0.8113
11310	urodynamics	0.5159	-0.0097	7	9	9	7	2014.4286	4.4286	0.5654
11316	urogenital sinus	0.555	-0.9868	8	10	16	7	2017	5.1429	1.0115
11328	urology	0.0047	-0.5825	8	41	59	30	2014.7667	5.1333	0.804
11354	vacterl	0.2997	0.3798	1	13	18	8	2013.875	7.5	1.1318
11359	vacuum bell	-1.2143	0.1092	1	5	9	5	2016.8	6.2	1.6271
11364	vaginal agenesis	0.9597	-1.0641	8	6	12	7	2011.8571	10.5714	0.9921
11366	vaginal atresia	0.8942	-1.0645	8	9	14	6	2014.6667	4.1667	0.7667
11378	vaginoplasty	0.7102	-0.9042	8	11	18	7	2013.7143	3	0.357
11390	value	-0.8184	-0.8487	2	8	17	6	2015.8333	12.1667	1.9543
11403	variability	-0.0296	-0.6397	2	11	12	6	2014.6667	10	1.2759
11415	varicocele	-0.147	-0.6091	4	13	25	18	2013.3333	7.4444	0.7918
11418	vascular	-0.0959	0.1406	11	47	74	50	2013.92	8.28	1.1183
11458	vats	-0.7885	0.5984	3	15	27	19	2013.2632	10.2632	1.3001
11464	vegf	0.0608	0.4884	17	5	6	6	2011.5	4.6667	0.5031
11491	ventilation	-0.1758	0.3986	17	12	13	5	2013	7.4	1.1351
11517	very low birth weight	0.0035	0.8073	6	11	12	5	2015.2	6.2	1.1004
11592	volvulus	0.4311	0.5753	10	27	55	25	2014.28	4.84	0.6921
11599	vur	-0.2565	0.0476	13	18	42	37	2013.2703	5.3784	0.7098
11695	wound	-0.3109	0.2199	6	24	40	21	2014.2857	7.3333	1.1188
11760	ıdiopathic constipation	1.145	0.4034	12	7	9	6	2015.3333	3.1667	1.2905
11769	ıfald	0.9232	0.3514	10	7	11	6	2016.6667	4.3333	1.3685
11813	ıleostomy	0.321	-0.0421	15	21	22	11	2014.4545	6.9091	0.8503
11816	ıleum	0.1556	0.405	11	9	9	5	2011.4	8.4	0.7665
11829	ımaging	-0.1465	0.016	7	14	16	12	2013.75	4.6667	0.631
11853	ımmunohistochemistry	0.8046	0.0128	12	28	36	18	2012.5556	6.2778	0.6714
11865	ımperforate anus	0.761	-0.4843	8	45	113	56	2013.4464	8.3929	0.9954
11887	ıncarceration	-0.4784	-0.9031	2	7	12	6	2010.5	11.1667	1.0471
11890	ıncidence	0.4007	-0.2775	7	20	31	17	2015.4706	11.0588	1.4854
11907	ıncontinence	1.1987	-0.1091	12	21	41	13	2012	11.3077	1.103
11912	ındications	-0.44	0.3142	3	8	12	5	2011.4	14.4	1.516
11916	ındirect inguinal hernia	-1.1895	-0.788	18	1	1	5	2012.6	3.8	0.4092
11931	ınfant	-0.1906	-0.0862	8	94	151	81	2012.9259	7.2963	0.9244
11942	ınfantile hemangioma	-0.0294	0.2349	11	8	9	9	2013.5556	22.6667	2.5662
11947	ınfantile hypertrophic pyloric stenosis	-0.1119	-0.1184	1	16	20	11	2014.1818	5.6364	0.6449
11954	ınfants	-0.2069	0.295	5	36	54	35	2013.9714	7.4857	0.8585
11960	ınfection	-0.198	-0.0294	3	33	44	23	2014.0435	8.3913	0.9387
11972	ınfertility	0.4102	-0.4542	4	9	9	6	2013.1667	8.8333	0.8111
11974	ınflammation	0.2331	0.5866	6	20	27	18	2014.1667	8.1667	1.0897
11976	ınflammatory bowel disease	0.2395	-0.2654	15	32	58	28	2014.8571	6.8214	1.3789
11979	ınflammatory myofibroblastic tumor	-0.0729	0.4737	3	9	9	8	2012.25	11.375	1.219
11981	ınflammatory response	0.492	0.5319	11	6	7	5	2014.6	7.2	0.9726
11995	ınguinal hernia	-0.271	-0.6028	2	44	115	67	2013.8358	8.194	1.2637
11997	ınguinal hernia repair	-0.5264	0.091	3	14	21	11	2014.7273	13.0909	1.7273
12018	ınjury	-0.5009	-0.727	2	24	51	26	2015.6538	5.0769	0.9104
12021	ınjury prevention	0.6546	-1.0919	8	2	3	9	2014.3333	8.5556	1.0073
12030	ınnovation	-0.8521	-0.0175	1	6	8	5	2014.2	5.6	0.72
12082	ınternal anal sphincter	1.1194	-0.026	12	9	13	6	2013.6667	7	0.8943
12087	ınternal hernia	0.5558	0.7226	10	3	3	5	2010.2	3.6	0.2989
12100	ınternet	-0.2162	-0.8872	14	5	5	8	2013	6.125	0.6997
12104	ıntersex	0.3845	-0.9348	8	8	8	5	2013	7.4	0.7145
12106	ınterstitial cells of cajal	1.4284	0.0544	12	9	15	11	2013.4545	6	0.6889
12109	ınterval appendectomy	-1.0178	-0.344	1	5	8	7	2013.8571	12.1429	1.6283
12113	ınterventional radiology	-0.517	-0.5153	9	11	11	6	2011.5	5.1667	0.5377
12119	ıntestinal adaptation	0.7608	0.7864	11	10	30	16	2013.875	7.75	0.8744
12125	ıntestinal atresia	0.5541	-0.0202	10	27	40	24	2012.625	5.75	0.726
12144	ıntestinal failure	0.7078	0.6022	10	37	125	63	2014.4921	13.2698	1.8225
12147	ıntestinal failure associated liver disease	0.875	0.4095	10	9	13	5	2017	8.2	1.5374
12165	ıntestinal lengthening	0.6133	0.6442	10	5	13	7	2012.8571	20.4286	2.286
12167	ıntestinal malrotation	0.3456	0.3485	10	14	18	9	2015.5556	4.8889	0.5988
12174	ıntestinal neuronal dysplasia	1.1672	-0.1518	12	9	13	6	2011.8333	10.1667	1.0891
12175	ıntestinal obstruction	0.5434	0.4638	10	20	26	16	2011.9375	4.25	0.4607
12178	ıntestinal perforation	0.1429	0.3356	5	17	24	15	2013.4	4.6	0.7781
12182	ıntestinal rehabilitation	0.786	0.6184	10	8	18	7	2014.4286	21.2857	2.1546
12198	ıntestinal transplantation	0.7704	0.4703	10	10	15	10	2012.9	5.3	0.6171
12206	ıntestine	0.587	0.2453	4	26	60	30	2014.1	8.1	1.0521
12217	ıntra-abdominal testis	0.5327	-1.1162	4	4	6	5	2014.2	5	1.1381
12315	ıntussusception	-0.372	-0.4584	13	41	72	52	2013.6154	8.2115	1.2735
12340	ıschemia	0.4302	0.6654	6	16	25	11	2015.1818	4.1818	1.2847
12343	ıschemia-reperfusion	0.6108	-0.1343	4	15	33	16	2013.375	12.4375	1.3469
12345	ıschemia-reperfusion injury	0.6841	0.0774	4	8	9	6	2011.1667	17.6667	1.7916
