64	118	1
64	686	5
64	1543	1
64	1620	1
64	1838	1
64	2152	1
64	2340	1
64	2344	1
64	2501	1
64	2765	1
64	2785	1
64	3390	1
64	4020	1
64	4136	1
64	5327	1
64	5388	2
64	5568	1
64	6368	1
64	6377	2
64	6637	1
64	6676	3
64	6720	1
64	6909	1
64	7006	1
64	7094	1
64	7344	1
64	7455	1
64	9902	1
64	10602	2
64	10912	1
64	10943	2
64	11138	2
64	11695	1
64	11979	1
64	12167	1
82	577	2
82	1116	1
82	3553	1
82	11138	1
82	11829	1
97	557	1
97	779	2
97	806	1
97	1605	1
97	1893	1
97	2038	1
97	2152	1
97	2189	2
97	2199	1
97	3088	1
97	3441	1
97	3574	16
97	3851	1
97	4253	29
97	4458	1
97	5568	1
97	5874	1
97	6113	1
97	6333	1
97	6340	1
97	6666	1
97	6676	4
97	6720	1
97	7235	6
97	7455	2
97	8324	1
97	8589	2
97	8872	1
97	9012	1
97	9135	1
97	9186	1
97	9345	1
97	9544	1
97	9590	1
97	10294	1
97	10316	1
97	10669	1
97	10785	1
97	11154	1
97	11592	2
97	11865	1
97	11931	1
97	12106	1
97	12144	1
118	615	1
118	686	8
118	2340	1
118	2963	5
118	3934	5
118	5388	1
118	6229	2
118	6377	1
118	6909	1
118	6973	1
118	7161	1
118	7222	1
118	7807	1
118	8007	1
118	8712	1
118	9186	1
118	10123	1
118	10420	1
118	11695	1
118	11931	2
164	263	2
164	894	1
164	2244	1
164	2455	1
164	2765	1
164	3504	1
164	3716	1
164	5388	2
164	6229	1
164	8678	1
164	9609	1
164	10785	1
207	686	2
207	1823	1
207	4020	1
207	5388	1
207	6676	2
207	7227	1
207	7914	1
207	8324	1
207	9943	1
207	10709	1
207	11138	1
207	12178	1
263	557	2
263	915	11
263	1248	1
263	1273	1
263	1299	1
263	1748	1
263	2152	3
263	2189	2
263	2455	1
263	2501	1
263	2765	2
263	3774	1
263	3790	1
263	4136	1
263	4176	1
263	4253	1
263	4478	1
263	4494	2
263	4581	1
263	4659	1
263	4671	1
263	4825	1
263	5079	1
263	5239	1
263	5251	1
263	5388	6
263	5719	1
263	5841	2
263	6113	2
263	6340	2
263	6377	1
263	6787	1
263	6990	1
263	6996	1
263	7011	10
263	7094	1
263	7108	1
263	7222	1
263	7225	1
263	7235	1
263	7277	3
263	7344	2
263	7365	1
263	7557	1
263	7559	3
263	8007	2
263	8081	1
263	8224	1
263	8441	1
263	8653	1
263	8678	3
263	8872	4
263	9186	1
263	9343	1
263	9544	1
263	10298	1
263	10499	2
263	10599	1
263	10634	2
263	10878	1
263	10943	2
263	11138	1
263	11328	1
263	11415	11
263	11829	1
263	11931	2
263	11972	1
263	11974	1
263	12113	1
271	2785	1
271	4143	1
271	5388	2
271	5568	1
271	7094	4
321	561	2
321	1097	1
321	1248	3
321	1378	1
321	1418	1
321	2152	2
321	3296	1
321	3331	1
321	3342	5
321	3716	1
321	4311	2
321	4825	40
321	5079	1
321	5388	3
321	5664	3
321	5963	1
321	6113	1
321	6165	1
321	6996	1
321	7235	1
321	7508	1
321	8428	1
321	8678	3
321	8827	3
321	8911	2
321	8935	3
321	9071	1
321	9077	1
321	9135	1
321	9760	1
321	9775	1
321	10016	3
321	10100	1
321	10330	1
321	10841	4
321	11094	1
321	12106	1
321	12175	1
434	672	1
434	1605	2
434	2199	1
434	3796	1
434	3851	1
434	4253	3
434	4825	1
434	5729	1
434	6631	2
434	8589	2
434	8935	1
434	10016	7
434	10669	2
434	10912	1
474	557	3
474	4825	2
474	5079	1
474	9090	1
474	11760	1
485	655	1
485	3390	3
485	5356	1
485	6113	1
485	6990	2
485	7344	3
485	7559	2
485	8224	1
485	9135	1
485	10123	1
485	11947	1
485	11995	1
492	615	1
492	894	2
492	1235	1
492	1893	1
492	2082	2
492	2152	3
492	3267	3
492	3342	1
492	3441	18
492	3759	1
492	3901	1
492	4099	1
492	4208	2
492	4825	2
492	4967	1
492	5084	1
492	5088	2
492	6229	3
492	6271	1
492	6631	1
492	6676	1
492	8324	1
492	8893	1
492	8911	1
492	8927	1
492	9186	1
492	9544	1
492	10100	2
492	10316	1
492	10420	1
492	10599	2
492	10601	1
492	10785	3
492	10806	1
492	10841	1
492	11695	1
492	11813	1
492	11976	1
492	12113	1
492	12178	1
492	12206	1
506	8915	1
506	10943	1
506	12315	1
507	1097	1
507	2991	1
507	3851	1
507	6676	2
507	7235	1
507	7344	1
507	7559	1
507	8224	1
507	8324	1
507	11931	1
507	11997	1
507	12175	1
516	2016	1
516	6142	1
516	7094	4
516	8700	1
516	9728	2
516	11418	3
516	11853	1
516	11976	1
516	12206	1
532	1037	1
532	1605	1
532	3342	1
532	3441	2
532	3467	1
532	3851	1
532	4825	1
532	4967	1
532	5239	1
532	5388	1
532	5583	1
532	5640	1
532	6359	1
532	6631	4
532	6676	2
532	7030	1
532	8324	1
532	8780	2
532	10016	1
532	10602	1
532	11976	1
532	12206	3
532	12340	2
548	557	3
548	2344	1
548	8529	2
548	8838	1
548	11865	1
557	561	6
557	577	3
557	655	1
557	672	1
557	686	1
557	721	15
557	779	2
557	806	1
557	1106	1
557	1248	5
557	1257	8
557	1262	1
557	1378	1
557	1470	1
557	1605	2
557	1620	1
557	1968	14
557	1973	1
557	2038	1
557	2051	1
557	2084	8
557	2090	1
557	2152	4
557	2199	2
557	2256	1
557	2344	13
557	2350	5
557	2455	1
557	2497	1
557	2731	1
557	2957	1
557	2991	1
557	3088	1
557	3175	7
557	3296	1
557	3331	3
557	3376	1
557	3441	3
557	3530	3
557	3574	1
557	3790	1
557	3930	3
557	3932	4
557	3996	3
557	4091	4
557	4271	1
557	4311	2
557	4458	1
557	4825	23
557	4956	1
557	5026	2
557	5079	24
557	5251	1
557	5388	11
557	5664	2
557	5841	1
557	5874	1
557	6113	2
557	6229	4
557	6333	2
557	6340	2
557	6368	2
557	6377	4
557	6676	3
557	6720	1
557	6801	2
557	6802	4
557	7227	3
557	7235	1
557	7455	1
557	7901	1
557	8080	1
557	8224	3
557	8303	1
557	8398	1
557	8529	27
557	8568	1
557	8653	1
557	8678	13
557	8712	1
557	8780	3
557	8838	2
557	8869	2
557	8947	1
557	9090	1
557	9135	4
557	9186	1
557	9208	1
557	9354	2
557	9609	1
557	9760	2
557	9875	5
557	10296	2
557	10511	8
557	10785	1
557	11138	2
557	11299	1
557	11310	1
557	11316	2
557	11354	5
557	11364	4
557	11366	2
557	11378	2
557	11599	1
557	11760	2
557	11853	1
557	11865	34
557	11890	2
557	11907	6
557	11960	1
557	12082	2
557	12167	1
557	12174	1
561	1248	1
561	2344	2
561	4091	1
561	4825	2
561	5079	4
561	5388	1
561	6229	1
561	9775	1
561	10841	1
561	12082	1
577	615	1
577	797	2
577	1037	2
577	1378	1
577	1605	21
577	1830	3
577	1893	2
577	1968	2
577	1973	1
577	2199	2
577	2455	9
577	2562	1
577	2733	1
577	3022	1
577	3093	4
577	3175	1
577	3376	2
577	3441	4
577	3558	1
577	3574	3
577	3683	2
577	3796	6
577	3834	4
577	3851	7
577	3996	1
577	4253	3
577	4345	1
577	4619	1
577	4825	1
577	4852	1
577	4951	1
577	4967	4
577	4968	1
577	5239	3
577	5388	2
577	5568	2
577	5664	1
577	5729	1
577	5780	2
577	5933	2
577	5967	1
577	5970	1
577	5993	1
577	6333	2
577	6340	3
577	6368	1
577	6519	3
577	6676	3
577	6720	3
577	6787	1
577	7030	2
577	7094	1
577	7235	4
577	7277	2
577	7455	1
577	8152	2
577	8169	1
577	8212	2
577	8317	1
577	8441	3
577	8589	6
577	8678	2
577	8872	1
577	9012	1
577	9186	3
577	9274	4
577	9343	2
577	9354	1
577	9728	1
577	9875	3
577	10298	2
577	10461	1
577	10599	2
577	10620	1
577	10709	1
577	10785	2
577	10809	1
577	11138	8
577	11199	2
577	11241	1
577	11299	3
577	11599	2
577	11829	1
577	11890	2
577	11931	1
577	12100	1
577	12106	1
577	12125	1
615	686	13
615	1382	1
615	2082	2
615	2340	1
615	3205	1
615	4253	1
615	4967	1
615	5088	4
615	5356	1
615	5780	1
615	6113	1
615	6631	2
615	6676	2
615	6909	4
615	7235	1
615	8324	1
615	8653	1
615	8678	1
615	9135	1
615	10296	1
615	10602	1
615	11138	1
615	11328	1
615	11695	3
615	11954	1
615	11960	1
615	12315	1
645	3471	1
645	4099	2
645	4208	2
645	4336	2
645	6869	1
645	11599	1
655	2107	1
655	4825	1
655	6990	1
655	7559	1
655	8224	1
655	8678	1
662	1332	1
662	2314	2
662	2455	2
662	10752	2
662	10806	7
672	1037	3
672	1733	1
672	1838	1
672	2592	1
672	2991	1
672	3175	1
672	4474	1
672	4825	1
672	6359	1
672	7094	5
672	7189	1
672	7302	1
672	7455	2
672	8462	10
672	8712	1
672	8780	2
672	9544	4
672	9728	2
672	10016	1
672	10499	1
672	10912	1
672	11942	1
672	12119	1
672	12144	1
672	12206	5
672	12343	4
686	1088	1
686	1382	2
686	1543	1
686	1605	2
686	1620	1
686	1676	1
686	1823	3
686	1922	1
686	2152	6
686	2340	4
686	2344	1
686	2428	17
686	2501	15
686	2592	2
686	2765	5
686	2773	1
686	2957	1
686	2963	3
686	3305	1
686	3376	1
686	4099	1
686	4215	2
686	4271	1
686	4293	1
686	4378	1
686	4458	1
686	4852	3
686	5088	3
686	5091	1
686	5097	1
686	5257	1
686	5388	24
686	5487	4
686	5851	1
686	6113	2
686	6165	1
686	6229	2
686	6334	1
686	6368	1
686	6377	4
686	6631	1
686	6676	2
686	6909	11
686	6973	4
686	7011	9
686	7129	1
686	7222	1
686	7235	18
686	7248	1
686	7344	3
686	7455	1
686	7508	3
686	7521	1
686	7807	1
686	7995	1
686	8080	1
686	8224	3
686	8303	1
686	8435	2
686	8511	4
686	8653	6
686	8678	15
686	8712	4
686	8780	1
686	8798	3
686	8872	1
686	8942	2
686	9053	4
686	9135	1
686	9186	1
686	9279	1
686	9464	2
686	9534	1
686	9609	11
686	9828	2
686	9902	2
686	10294	1
686	10296	1
686	10298	1
686	10370	2
686	10871	1
686	11138	24
686	11390	4
686	11592	1
686	11695	3
686	11865	1
686	11960	1
686	12109	4
686	12167	1
686	12315	4
721	2084	2
721	2090	2
721	2344	2
721	3331	1
721	3932	2
721	4825	1
721	5079	2
721	5388	1
721	5664	1
721	5848	1
721	6377	1
721	7455	1
721	8529	10
721	8678	2
721	8816	1
721	8869	1
721	11364	2
721	11366	2
721	11378	1
721	11865	8
721	11907	1
721	12021	1
721	12174	1
752	4619	1
752	5780	1
752	8144	1
752	11418	3
763	954	1
763	1037	1
763	5097	1
763	6631	1
763	10024	1
763	12178	1
779	1605	1
779	2344	1
779	2455	1
779	2957	1
779	3342	1
779	3441	1
779	3530	1
779	3574	3
779	4253	1
779	4311	1
779	4825	3
779	5026	1
779	6333	1
779	6340	1
779	7235	1
779	8401	1
779	9186	1
779	10298	1
779	11354	1
779	12104	1
797	1830	1
797	2455	1
797	6113	1
797	6676	1
797	7006	1
806	1605	1
806	1922	1
806	1968	1
806	2038	1
806	2189	1
806	3441	1
806	3504	4
806	3930	2
806	4014	1
806	4253	3
806	5640	2
806	6333	1
806	6340	1
806	6676	1
806	7235	1
806	8405	1
806	9274	1
806	9544	1
806	9590	1
806	10100	1
806	10599	1
806	10752	1
806	11316	1
806	11354	1
806	11816	1
894	2244	1
894	3267	3
894	3441	4
894	3482	3
894	3968	1
894	4208	1
894	6271	1
894	6676	1
894	9544	1
894	10100	1
894	10136	2
894	10752	1
894	12144	1
915	4478	1
915	4581	1
915	5388	1
915	7011	4
915	11974	1
954	5603	1
954	10785	1
973	2497	1
973	3574	1
973	7094	5
973	7189	1
973	7365	1
973	8780	1
973	10507	1
1037	1124	1
1037	1147	1
1037	1262	2
1037	1676	2
1037	1822	10
1037	1830	3
1037	1838	6
1037	1893	1
1037	1922	1
1037	2000	1
1037	2152	3
1037	2733	1
1037	2765	1
1037	3174	1
1037	3267	1
1037	3423	1
1037	3901	2
1037	4458	1
1037	4688	4
1037	4717	1
1037	5097	1
1037	5176	10
1037	5388	10
1037	5568	4
1037	5583	14
1037	5600	29
1037	5664	7
1037	5867	1
1037	5970	1
1037	6113	2
1037	6229	2
1037	6333	1
1037	6676	1
1037	6685	5
1037	7039	1
1037	7235	5
1037	7508	2
1037	8080	2
1037	8144	6
1037	8152	2
1037	8169	1
1037	8317	1
1037	8324	2
1037	8401	1
1037	8441	14
1037	8678	4
1037	8911	1
1037	8947	2
1037	9186	1
1037	9222	3
1037	9354	3
1037	9453	1
1037	9902	1
1037	10016	2
1037	10050	2
1037	10298	1
1037	10420	1
1037	10912	1
1037	11094	1
1037	11138	2
1037	11403	1
1037	11853	1
1037	11974	1
1037	11981	1
1049	5600	1
1049	8455	4
1050	1823	4
1050	4136	1
1050	5327	2
1050	7235	1
1050	8511	1
1050	10546	1
1074	1254	5
1074	2898	5
1074	5953	5
1074	9544	5
1088	1917	1
1088	4208	1
1088	6631	4
1088	7094	2
1088	8324	2
1088	8441	1
1088	9186	1
1088	11853	1
1097	2152	2
1097	2497	1
1097	2765	2
1097	3553	1
1097	4825	1
1097	5388	1
1097	6229	1
1097	7094	3
1097	7225	1
1097	8869	1
1097	10507	1
1097	10599	1
1097	11138	1
1106	1973	1
1106	2199	2
1106	2455	1
1106	3175	2
1106	3530	1
1106	3574	1
1106	4253	1
1106	4311	1
1106	8398	1
1106	10294	1
1106	11094	1
1116	1124	1
1116	1235	1
1116	2038	1
1116	2963	1
1116	3553	1
1116	4020	1
1116	4122	1
1116	5251	1
1116	5388	1
1116	6165	1
1116	6229	1
1116	6801	1
1116	7094	1
1116	8212	1
1116	8700	1
1116	8816	1
1116	9875	1
1116	10294	1
1116	10669	2
1116	10912	1
1116	11224	1
1116	11299	1
1116	11310	1
1116	11328	1
1116	11865	1
1116	11931	1
1116	11995	1
1124	1676	1
1124	1968	1
1124	1973	1
1124	2152	2
1124	2195	1
1124	2428	1
1124	5026	2
1124	5079	2
1124	5664	1
1124	7792	1
1124	8678	1
1124	11251	1
1124	11328	1
1124	11995	1
1147	1605	1
1147	2152	1
1147	3093	2
1147	3174	1
1147	4659	1
1147	4852	1
1147	5963	2
1147	6676	1
1147	10620	1
1147	10943	1
1147	12315	1
1235	3441	3
1235	3901	1
1235	5640	1
1248	2344	2
1248	2455	1
1248	2497	1
1248	4825	7
1248	5079	3
1248	5664	4
1248	6801	2
1248	6996	1
1248	8678	5
1248	9775	2
1248	9875	2
1248	10511	1
1248	10841	1
1248	11907	1
1248	12082	1
1254	2898	8
1254	3044	1
1254	3530	1
1254	5953	8
1254	6676	1
1254	7455	1
1254	9544	10
1257	1620	3
1257	2152	1
1257	2344	8
1257	3296	3
1257	5079	11
1257	6519	1
1257	6802	1
1257	8678	2
1257	9875	2
1257	11354	1
1257	11760	1
1257	11865	2
1257	11907	2
1261	1620	1
1261	1830	1
1261	2038	1
1261	2152	1
1261	3022	1
1261	4253	1
1261	5851	1
1261	5874	1
1261	7235	1
1262	5388	1
1262	5600	1
1262	11865	1
1262	12175	1
1265	2015	1
1265	3267	1
1265	3358	1
1265	5257	1
1265	5398	2
1265	5487	1
1265	6340	1
1265	6631	2
1265	6676	1
1265	7227	1
1265	7235	1
1265	8303	1
1265	8324	1
1265	8780	1
1265	9544	2
1265	10016	1
1265	11931	1
1265	11976	2
1265	12206	1
1265	12315	2
1273	2340	1
1273	3748	1
1273	7235	2
1273	7557	7
1273	9012	1
1294	4494	1
1294	5841	1
1294	7094	1
1294	8816	1
1294	11931	1
1299	2428	1
1299	4494	1
1299	5841	1
1299	11138	2
1299	11931	1
1332	2152	1
1332	2455	2
1332	3441	8
1332	4208	1
1332	5719	1
1332	6990	1
1332	7559	1
1332	7807	1
1332	8589	1
1332	9354	1
1332	10601	1
1332	10752	1
1332	10785	7
1332	10806	3
1332	10809	1
1332	10943	1
1332	11931	1
1355	3093	1
1355	3504	1
1355	6637	1
1355	7235	1
1355	7344	1
1355	7508	1
1355	8700	1
1355	9058	1
1355	9186	1
1355	10669	1
1355	11890	1
1355	11931	1
1378	1605	1
1378	8589	1
1378	12106	2
1382	2765	1
1382	5780	1
1382	6631	2
1382	6676	1
1382	11960	1
1418	2344	1
1418	3331	1
1418	4825	7
1418	8827	2
1418	11853	2
1457	1605	2
1457	2592	1
1457	5388	1
1457	6340	1
1457	6676	1
1457	7094	2
1457	7235	1
1457	8080	1
1457	8144	1
1457	8152	1
1457	9143	1
1457	10599	1
1457	11599	1
1470	1605	2
1470	2256	1
1470	5388	1
1470	5568	1
1470	6676	1
1470	7235	1
1470	8324	1
1470	8441	1
1470	11865	1
1543	1662	1
1543	2152	4
1543	2428	1
1543	2963	1
1543	3093	1
1543	3390	1
1543	5026	1
1543	6676	2
1543	7455	1
1543	8081	1
1543	9058	1
1543	9186	1
1543	9544	2
1543	10024	1
1543	10296	1
1543	11138	1
1543	11418	1
1543	11960	2
1543	12119	1
1543	12144	4
1577	3441	1
1577	3482	1
1577	3492	1
1577	4176	1
1577	6271	1
1605	1748	1
1605	1893	7
1605	2152	4
1605	2189	3
1605	2199	2
1605	2256	5
1605	2428	1
1605	2455	7
1605	2497	1
1605	2733	2
1605	2785	17
1605	2991	1
1605	3022	1
1605	3088	3
1605	3093	56
1605	3175	1
1605	3317	1
1605	3331	2
1605	3376	2
1605	3441	6
1605	3471	1
1605	3492	1
1605	3504	1
1605	3558	2
1605	3574	2
1605	3683	1
1605	3708	3
1605	3796	5
1605	3834	3
1605	3851	8
1605	3996	6
1605	4099	3
1605	4176	1
1605	4208	9
1605	4253	5
1605	4256	1
1605	4336	1
1605	4345	1
1605	4458	4
1605	4581	1
1605	4659	1
1605	4747	1
1605	5024	9
1605	5026	1
1605	5038	1
1605	5257	1
1605	5388	3
1605	5568	4
1605	5603	1
1605	5664	8
1605	5719	13
1605	5729	10
1605	5867	3
1605	5874	1
1605	5933	1
1605	6229	13
1605	6333	6
1605	6334	6
1605	6340	9
1605	6368	3
1605	6519	1
1605	6631	1
1605	6676	19
1605	6693	1
1605	6720	3
1605	6787	10
1605	6973	1
1605	6996	4
1605	7039	3
1605	7129	1
1605	7161	1
1605	7235	22
1605	7455	1
1605	7484	7
1605	7557	1
1605	7559	1
1605	8018	4
1605	8081	1
1605	8224	1
1605	8324	3
1605	8441	10
1605	8511	2
1605	8568	1
1605	8589	89
1605	8678	2
1605	8700	1
1605	8780	4
1605	8872	14
1605	8927	1
1605	8935	2
1605	8947	2
1605	9012	5
1605	9053	1
1605	9058	3
1605	9090	8
1605	9135	1
1605	9186	7
1605	9274	1
1605	9345	2
1605	9464	1
1605	9728	1
1605	9875	1
1605	9902	1
1605	10016	3
1605	10050	2
1605	10294	1
1605	10298	16
1605	10599	25
1605	10602	1
1605	10628	1
1605	10634	1
1605	10659	2
1605	10669	6
1605	10752	5
1605	11403	1
1605	11418	2
1605	11464	2
1605	11491	2
1605	11592	2
1605	11853	1
1605	11865	1
1605	11890	1
1605	11931	2
1605	11954	3
1620	2344	5
1620	5079	3
1620	8678	1
1620	9208	1
1620	11865	1
1620	11907	1
1653	1662	2
1653	3968	1
1653	11138	1
1662	2152	5
1662	3968	1
1662	4253	1
1662	6631	1
1662	6676	2
1662	7006	1
1662	7455	4
1662	8401	1
1662	8678	1
1662	9544	2
1662	10420	2
1662	10620	1
1662	10943	2
1662	11138	1
1662	11418	2
1662	11931	1
1662	11960	1
1662	12144	5
1676	2199	1
1676	4293	1
1676	4853	1
1676	6720	2
1676	8653	1
1676	8947	1
1686	2189	1
1686	3022	1
1686	3504	1
1686	6333	1
1686	7094	1
1686	10599	1
1686	10628	1
1686	11931	2
1733	3553	3
1733	4852	2
1733	5239	2
1733	5568	1
1733	6142	1
1733	7094	11
1733	7235	1
1733	7508	1
1733	8441	2
1733	8872	1
1733	9154	1
1733	9902	1
1733	11979	1
1733	12206	1
1748	2152	1
1748	2327	1
1748	3175	1
1748	3267	1
1748	3441	1
1748	3553	1
1748	3996	1
1748	4208	1
1748	4458	1
1748	5568	1
1748	6065	1
1748	6229	3
1748	6333	2
1748	6340	2
1748	6676	2
1748	6909	1
1748	6990	5
1748	7225	1
1748	7484	1
1748	7557	5
1748	7559	13
1748	8816	1
1748	9135	1
1748	9345	3
1748	10599	1
1748	10601	1
1748	11359	1
1748	12018	1
1765	3574	6
1765	4253	1
1765	11853	1
1768	3376	1
1768	5487	1
1768	6340	1
1768	7235	2
1768	8435	1
1768	8678	1
1768	9354	1
1768	10943	12
1822	1830	3
1822	2205	1
1822	3423	1
1822	5600	1
1822	5664	2
1822	5867	1
1822	6685	1
1822	7365	1
1822	8144	1
1822	8441	1
1822	11131	1
1823	2096	1
1823	4136	5
1823	5388	6
1823	6229	1
1823	7011	2
1823	7235	2
1823	8511	1
1823	8653	1
1823	9186	1
1823	9609	3
1823	9902	3
1823	10370	1
1823	10546	1
1830	2152	1
1830	2189	1
1830	2205	2
1830	2963	1
1830	2991	1
1830	3022	1
1830	3174	1
1830	3530	1
1830	3996	2
1830	4581	1
1830	4671	1
1830	4716	5
1830	4717	9
1830	4852	1
1830	5084	1
1830	5176	2
1830	5388	10
1830	5568	1
1830	5583	2
1830	5600	1
1830	5664	3
1830	5848	1
1830	6113	2
1830	6229	1
1830	6676	1
1830	6685	1
1830	7365	7
1830	7807	1
1830	8224	2
1830	8927	1
1830	9186	1
1830	9208	2
1830	9222	1
1830	11138	1
1830	11954	1
1838	2152	1
1838	3022	1
1838	4253	1
1838	4688	1
1838	5176	1
1838	5191	1
1838	5388	1
1838	5568	2
1838	5583	1
1838	5600	2
1838	5970	1
1838	6340	1
1838	6631	1
1838	6676	2
1838	6720	1
1838	6996	1
1838	7235	1
1838	7365	1
1838	7455	10
1838	8324	1
1838	9053	1
1838	9186	1
1838	9222	1
1838	9544	3
1838	10943	2
1838	11813	1
1838	12144	3
1838	12147	1
1838	12182	1
1838	12315	1
1880	3423	1
1880	7365	2
1893	2152	1
1893	2256	1
1893	3441	1
1893	3851	1
1893	4253	1
1893	5600	1
1893	5780	2
1893	5874	1
1893	6676	2
1893	7039	6
1893	7235	1
1893	7455	1
1893	8048	1
1893	8441	1
1893	10050	1
1893	10599	1
1893	11154	1
1893	11931	1
1893	11995	1
1893	12167	1
1908	2152	2
1908	2256	1
1908	6229	1
1908	6676	1
1908	7792	1
1908	8212	1
1908	10050	1
1908	10316	1
1908	11271	1
1908	11299	1
1908	11954	1
1917	6631	1
1917	6676	1
1917	7455	1
1917	7914	1
1917	9544	3
1917	12119	3
1917	12144	2
1922	2327	1
1922	3441	1
1922	4253	1
1922	5097	1
1922	5780	1
1922	8441	1
1922	9544	1
1922	10298	1
1968	1973	3
1968	2016	1
1968	3175	1
1968	3331	1
1968	3574	2
1968	3774	1
1968	3834	1
1968	4825	1
1968	4956	3
1968	5079	1
1968	5388	2
1968	6229	1
1968	6720	1
1968	8080	1
1968	8529	1
1968	8780	1
1968	8911	1
1968	9274	1
1968	11131	1
1968	11272	2
1968	11316	5
1968	11366	1
1968	11378	5
1968	11865	4
1968	11976	1
1973	2084	1
1973	2199	1
1973	2350	1
1973	2428	1
1973	3175	1
1973	4951	1
1973	7235	2
1973	8317	1
1973	9544	1
1973	11094	1
1973	11328	2
1973	11813	1
2000	10943	1
2015	2016	1
2015	2084	1
2015	2152	1
2015	2344	1
2015	3183	1
2015	3342	1
2015	3358	1
2015	4458	2
2015	4825	1
2015	5091	1
2015	5257	1
2015	5388	1
2015	5398	1
2015	5487	1
2015	6340	1
2015	6631	1
2015	7235	1
2015	8678	1
2015	11131	6
2015	11418	1
2015	11813	1
2015	11931	1
2015	11976	2
2016	2084	1
2016	2350	1
2016	4458	1
2016	6631	1
2016	7302	1
2016	9032	1
2016	11131	2
2016	11378	1
2016	11418	1
2016	11976	3
2038	2084	1
2038	2765	1
2038	3441	1
2038	3478	1
2038	4020	1
2038	4311	1
2038	4825	3
2038	5780	1
2038	5848	1
2038	5874	1
2038	6676	5
2038	7094	1
2038	8678	1
2038	9544	1
2038	9728	1
2038	10669	1
2038	11418	1
2038	11760	1
2038	11816	1
2038	11853	1
2038	11931	2
2038	12125	1
2045	3441	2
2045	3478	3
2045	3504	1
2045	4185	1
2045	4186	2
2045	4208	1
2045	5640	1
2045	8421	1
2045	9544	1
2045	10669	1
2045	10785	1
2051	4253	2
2051	6676	1
2051	7227	1
2051	7235	1
2051	8404	1
2051	8421	1
2051	8653	1
2051	11865	1
2082	2152	1
2082	3305	1
2082	5088	2
2082	6113	1
2082	7235	1
2082	8224	1
2082	8678	1
2082	9135	1
2082	11695	1
2084	2152	1
2084	2344	1
2084	2350	1
2084	2731	1
2084	4825	1
2084	5191	1
2084	5388	3
2084	6340	1
2084	6676	1
2084	7227	1
2084	8529	1
2084	8568	1
2084	9032	1
2084	10943	1
2084	11813	1
2084	11931	1
2084	11976	1
2084	12125	1
2090	11364	2
2090	11366	3
2090	11865	1
2096	4136	1
2096	5388	1
2096	7094	1
2096	9760	1
2096	11138	2
2107	4014	1
2107	5848	1
2107	9599	1
2107	10599	1
2107	10943	1
2152	2205	1
2152	2256	1
2152	2350	1
2152	2501	1
2152	2765	2
2152	2785	1
2152	2957	1
2152	2991	1
2152	3088	1
2152	3093	2
2152	3205	1
2152	3267	1
2152	3291	1
2152	3342	1
2152	3390	1
2152	3423	1
2152	3441	10
2152	3478	1
2152	3504	1
2152	3530	1
2152	3647	1
2152	3851	1
2152	3930	1
2152	3996	1
2152	4020	1
2152	4099	4
2152	4136	1
2152	4143	2
2152	4208	4
2152	4253	4
2152	4256	5
2152	4340	1
2152	4458	1
2152	4659	1
2152	4747	3
2152	4825	11
2152	4949	1
2152	5012	1
2152	5026	7
2152	5079	1
2152	5088	1
2152	5091	2
2152	5097	1
2152	5176	2
2152	5251	1
2152	5257	1
2152	5388	14
2152	5568	1
2152	5583	1
2152	5600	1
2152	5664	3
2152	5719	1
2152	5780	1
2152	5970	1
2152	5993	1
2152	6113	2
2152	6229	4
2152	6333	1
2152	6340	2
2152	6377	1
2152	6631	3
2152	6676	5
2152	6787	1
2152	6973	1
2152	6990	5
2152	7011	4
2152	7094	8
2152	7189	1
2152	7227	1
2152	7235	18
2152	7455	1
2152	7521	1
2152	7559	5
2152	7748	7
2152	7792	2
2152	7901	2
2152	8007	1
2152	8317	1
2152	8324	3
2152	8421	1
2152	8441	1
2152	8653	3
2152	8678	3
2152	8827	2
2152	8838	1
2152	8857	1
2152	8872	3
2152	8911	1
2152	8927	1
2152	9135	1
2152	9186	2
2152	9279	1
2152	9343	1
2152	9544	2
2152	9590	1
2152	9609	2
2152	9728	1
2152	9775	1
2152	9875	1
2152	10024	1
2152	10100	1
2152	10296	1
2152	10420	3
2152	10461	1
2152	10599	1
2152	10601	1
2152	10659	1
2152	10785	2
2152	10809	1
2152	10841	1
2152	10912	1
2152	10943	3
2152	11131	3
2152	11138	2
2152	11164	1
2152	11251	3
2152	11272	1
2152	11354	1
2152	11415	1
2152	11418	1
2152	11458	2
2152	11592	1
2152	11695	2
2152	11887	2
2152	11912	1
2152	11916	1
2152	11931	5
2152	11942	1
2152	11947	1
2152	11954	1
2152	11960	3
2152	11976	1
2152	11995	4
2152	12018	1
2152	12100	1
2152	12113	1
2152	12144	1
2152	12175	1
2189	2455	3
2189	2497	1
2189	2501	1
2189	3022	1
2189	3504	1
2189	3574	2
2189	3796	2
2189	3930	1
2189	4253	2
2189	5388	1
2189	5719	3
2189	6229	1
2189	6637	2
2189	6676	2
2189	6787	1
2189	6973	1
2189	8589	1
2189	8678	1
2189	9135	1
2189	9872	1
2189	10100	1
2189	10599	2
2189	11251	1
2189	11816	1
2189	11931	1
2189	11960	1
2195	2873	2
2195	3774	1
2195	5026	1
2195	7277	1
2195	11316	2
2195	12104	1
2199	2256	2
2199	2455	1
2199	2501	1
2199	2785	1
2199	2878	1
2199	3093	2
2199	3175	1
2199	3796	2
2199	3851	1
2199	3996	1
2199	4253	1
2199	4340	1
2199	4825	1
2199	5026	1
2199	5388	1
2199	5957	2
2199	6340	1
2199	6693	2
2199	6720	4
2199	7235	2
2199	8152	1
2199	8169	1
2199	8398	1
2199	9186	2
2199	9274	1
2199	10016	2
2199	10294	1
2199	10599	1
2199	10620	1
2199	10669	1
2199	10912	1
2199	11094	1
2199	11138	1
2199	11853	1
2205	3423	1
2205	4716	1
2205	5176	1
2205	5583	1
2205	5664	1
2205	7365	1
2205	9186	1
2244	3441	1
2244	3482	1
2244	6676	1
2244	10599	1
2244	10785	2
2256	2455	1
2256	2991	2
2256	3088	1
2256	3441	1
2256	3796	1
2256	4099	1
2256	4208	1
2256	4256	1
2256	4825	1
2256	5026	1
2256	5388	2
2256	5874	2
2256	6205	1
2256	6333	1
2256	6340	2
2256	6631	1
2256	6676	3
2256	6973	1
2256	7039	1
2256	7235	3
2256	7491	1
2256	7995	1
2256	8653	1
2256	9186	1
2256	11403	1
2256	11947	1
2263	7365	7
2314	2340	1
2314	3093	1
2314	5664	1
2314	5957	1
2314	6676	2
2314	6909	1
2314	7235	1
2314	10806	2
2327	4378	1
2327	6676	1
2327	7094	1
2327	11931	1
2340	2344	1
2340	3574	2
2340	3790	1
2340	3934	1
2340	4969	1
2340	5012	1
2340	6676	1
2340	7094	1
2340	7277	1
2340	7365	1
2340	7557	1
2340	7559	1
2340	8080	1
2340	8653	1
2340	10943	1
2340	11359	1
2340	11931	1
2340	12109	1
2344	2350	1
2344	2562	1
2344	3296	4
2344	3331	2
2344	3342	1
2344	3932	1
2344	4825	20
2344	4951	1
2344	5079	21
2344	5388	1
2344	5664	3
2344	5967	1
2344	6333	1
2344	6377	1
2344	6519	1
2344	6676	1
2344	7235	3
2344	8529	3
2344	8678	6
2344	8827	2
2344	8838	1
2344	8869	2
2344	8911	1
2344	9340	2
2344	9775	1
2344	9875	1
2344	10511	1
2344	10841	2
2344	11138	1
2344	11760	1
2344	11813	1
2344	11865	4
2344	11907	7
2344	12174	2
2350	2428	1
2350	3342	2
2350	4825	3
2350	5079	2
2350	5664	2
2350	8303	1
2350	8529	1
2350	8678	1
2350	8838	1
2350	9032	1
2350	9609	1
2350	11865	1
2350	11976	1
2428	3093	2
2428	4099	1
2428	4253	1
2428	4256	1
2428	4458	1
2428	5097	1
2428	5257	1
2428	5388	4
2428	5398	1
2428	5487	3
2428	6333	1
2428	6631	1
2428	6676	1
2428	6909	2
2428	6996	1
2428	7227	1
2428	7235	4
2428	7248	1
2428	7455	1
2428	7748	1
2428	8435	2
2428	8511	2
2428	8678	8
2428	8712	1
2428	8798	3
2428	9053	3
2428	9208	1
2428	9279	2
2428	9609	2
2428	9902	1
2428	10433	1
2428	10943	2
2428	11138	2
2428	11299	1
2428	11328	2
2428	11390	4
2428	11599	1
2428	11931	1
2428	12109	1
2428	12144	1
2428	12315	2
2438	7344	1
2438	7557	1
2438	7559	2
2438	9154	3
2455	2501	1
2455	2785	3
2455	3022	1
2455	3093	1
2455	3441	3
2455	3504	2
2455	3558	1
2455	3574	1
2455	3708	1
2455	3796	2
2455	3834	1
2455	3851	8
2455	4576	1
2455	4968	5
2455	5024	1
2455	5388	2
2455	5615	3
2455	5664	1
2455	5719	5
2455	5729	1
2455	5780	1
2455	6113	1
2455	6229	2
2455	6340	1
2455	6519	1
2455	6676	4
2455	6720	1
2455	6909	1
2455	6973	1
2455	7094	1
2455	7235	2
2455	8048	1
2455	8053	3
2455	8152	1
2455	8169	1
2455	8441	1
2455	8589	4
2455	8678	1
2455	9135	2
2455	9186	2
2455	9274	1
2455	9343	1
2455	9354	1
2455	9875	1
2455	10050	2
2455	10599	17
2455	10601	4
2455	10602	2
2455	10709	1
2455	10752	3
2455	10806	6
2455	11138	2
2455	11354	1
2455	11458	1
2455	11931	2
2455	11974	1
2455	12113	1
2476	3093	2
2476	4253	1
2476	6996	1
2476	7455	1
2476	8568	1
2476	8678	1
2476	9074	2
2476	10601	1
2476	10943	3
2476	11418	1
2476	11491	1
2497	2773	1
2497	3093	1
2497	3376	1
2497	3790	5
2497	4253	1
2497	4321	1
2497	4343	4
2497	4350	1
2497	4474	7
2497	4478	2
2497	4747	1
2497	4852	1
2497	5026	1
2497	5097	1
2497	5388	4
2497	5933	2
2497	6113	2
2497	6801	1
2497	7189	24
2497	7302	1
2497	7501	1
2497	8105	1
2497	9135	2
2497	9872	3
2497	9875	1
2497	10298	1
2497	10478	5
2497	10507	9
2497	10511	1
2497	11138	2
2497	11328	1
2497	11403	1
2497	11853	1
2497	11972	1
2497	11995	1
2497	12217	1
2501	2773	2
2501	2785	1
2501	3088	1
2501	3183	1
2501	3441	2
2501	4478	1
2501	4944	1
2501	5388	2
2501	5487	1
2501	5548	1
2501	5568	1
2501	5874	1
2501	6113	1
2501	6142	1
2501	6205	1
2501	6340	1
2501	6368	2
2501	6377	4
2501	6676	1
2501	7094	3
2501	7222	1
2501	7225	2
2501	7277	1
2501	7557	1
2501	7559	5
2501	8441	1
2501	8589	1
2501	8712	8
2501	9135	1
2501	9186	1
2501	9828	2
2501	9902	1
2501	10599	3
2501	10601	2
2501	10634	1
2501	10785	2
2501	10943	14
2501	11138	12
2501	12018	1
2562	3296	1
2562	3796	1
2562	4099	1
2562	4336	1
2562	5600	2
2562	5967	6
2562	5970	1
2562	6676	1
2562	8144	1
2562	12125	1
2565	5388	1
2565	5780	5
2565	6229	1
2565	6637	1
2565	6720	1
2565	7189	1
2565	9343	2
2592	5388	1
2592	5398	1
2592	6631	1
2592	7094	1
2592	8080	1
2717	3267	2
2717	5388	1
2717	5551	1
2717	6229	1
2717	10123	1
2731	4378	2
2731	4852	1
2731	6333	1
2731	7235	1
2731	8568	1
2731	10943	1
2731	12104	1
2733	2785	1
2733	3175	1
2733	3331	1
2733	3574	1
2733	4253	1
2733	4311	1
2733	4458	1
2733	5026	1
2733	6676	1
2733	7235	1
2733	7792	1
2733	8080	1
2733	8780	1
2733	9186	1
2733	11251	1
2733	11947	1
2733	12125	1
2765	2873	1
2765	2991	1
2765	3205	1
2765	3296	2
2765	3342	1
2765	3441	2
2765	3553	1
2765	4176	1
2765	4619	1
2765	4825	6
2765	4852	1
2765	5719	1
2765	5780	1
2765	5848	1
2765	6340	1
2765	6631	2
2765	6676	2
2765	7094	1
2765	7225	2
2765	7235	2
2765	7277	1
2765	8212	1
2765	8303	1
2765	8324	1
2765	8441	1
2765	8653	1
2765	8827	2
2765	9135	1
2765	9728	1
2765	10499	1
2765	10599	1
2765	10806	1
2765	11138	1
2765	11418	1
2765	11458	1
2765	11816	1
2765	11829	1
2765	11931	1
2765	11947	1
2765	11995	1
2765	12315	2
2773	6113	1
2773	6631	1
2773	6676	1
2773	10943	1
2773	11138	3
2773	11299	3
2773	11599	2
2785	4099	1
2785	4208	1
2785	4747	1
2785	5388	1
2785	5568	1
2785	5719	5
2785	6229	2
2785	6334	1
2785	6377	1
2785	7094	1
2785	8057	1
2785	8589	2
2785	10599	3
2785	10669	1
2785	10912	1
2873	5026	1
2873	5388	1
2873	11138	1
2873	11272	1
2873	11316	1
2873	12104	1
2878	4375	1
2878	4378	1
2878	6340	2
2878	6720	2
2878	8704	1
2878	10943	1
2878	12125	1
2898	3331	1
2898	5953	10
2898	8057	1
2898	9544	14
2898	12206	1
2957	2991	1
2957	3342	1
2957	4091	1
2957	4311	1
2957	4825	5
2957	5388	2
2957	6340	1
2957	8144	1
2957	8152	1
2957	9077	1
2957	9609	1
2957	11138	1
2957	11418	1
2957	11865	1
2957	11890	1
2963	3934	1
2963	5388	1
2963	6229	1
2963	7807	1
2963	8081	1
2963	8224	1
2963	9186	1
2963	10123	1
2963	10420	2
2963	11695	1
2991	2997	2
2991	3088	1
2991	3441	2
2991	3504	1
2991	4099	1
2991	4208	1
2991	4458	1
2991	5388	2
2991	5874	1
2991	6359	1
2991	6676	2
2991	6720	3
2991	7235	2
2991	7365	1
2991	7455	2
2991	8324	1
2991	10785	1
2991	12125	1
2991	12175	2
2997	3716	1
2997	4311	1
2997	4458	1
2997	5388	1
2997	5874	3
2997	6676	1
2997	6720	1
2997	7455	1
2997	11931	1
3022	3267	1
3022	3423	1
3022	3504	1
3022	6229	1
3022	7365	2
3022	9828	1
3022	12315	1
3044	3851	1
3044	7235	1
3044	7455	1
3044	8780	1
3044	9544	3
3044	12125	1
3044	12144	2
3046	3441	5
3046	3478	1
3046	3492	1
3046	4208	1
3046	4336	1
3046	8678	2
3046	8927	1
3046	10785	2
3046	10806	1
3088	3441	1
3088	3574	1
3088	5568	1
3088	7235	1
3088	10785	1
3088	11865	1
3093	3558	2
3093	3574	1
3093	3683	1
3093	3708	1
3093	3796	2
3093	3834	1
3093	3851	1
3093	4099	1
3093	4208	1
3093	4253	2
3093	4576	1
3093	4581	1
3093	4659	1
3093	4747	1
3093	5257	1
3093	5461	1
3093	5487	1
3093	5664	4
3093	5729	3
3093	5957	3
3093	6340	2
3093	6368	2
3093	6676	10
3093	6720	1
3093	6787	3
3093	6996	1
3093	7235	9
3093	7484	1
3093	8048	1
3093	8081	1
3093	8324	5
3093	8511	2
3093	8589	14
3093	8678	1
3093	8872	1
3093	9012	4
3093	9053	1
3093	9058	9
3093	9135	1
3093	9186	5
3093	9464	2
3093	9599	2
3093	9902	1
3093	10296	1
3093	10298	7
3093	10602	1
3093	10620	2
3093	10659	2
3093	10806	1
3093	10818	1
3093	10943	3
3093	11138	1
3093	11418	8
3093	11491	1
3093	11960	1
3125	4293	1
3125	4375	1
3125	5388	2
3125	8568	1
3125	9599	5
3125	10599	1
3125	10785	1
3125	10818	3
3174	4215	1
3174	7807	1
3174	9274	2
3174	9902	1
3174	10943	2
3175	4852	1
3175	5026	1
3175	7501	1
3175	7792	1
3175	8441	1
3175	8780	3
3175	9760	1
3175	9875	1
3175	10511	1
3175	11094	1
3175	11251	1
3183	4458	1
3183	4747	1
3183	5388	2
3183	8712	1
3183	10943	1
3205	6229	1
3205	6676	1
3205	10599	1
3205	10602	1
3205	11458	5
3267	3317	1
3267	3423	1
3267	3441	5
3267	3482	1
3267	3504	2
3267	3851	1
3267	4099	1
3267	4208	1
3267	4215	1
3267	4256	2
3267	4951	1
3267	5191	1
3267	5239	1
3267	5388	3
3267	5551	1
3267	6229	5
3267	6271	1
3267	6637	1
3267	6676	1
3267	7129	1
3267	7557	1
3267	7807	1
3267	8007	1
3267	8057	1
3267	8144	1
3267	8324	1
3267	8893	2
3267	8911	1
3267	9208	1
3267	9544	1
3267	10100	1
3267	10123	1
3267	10599	2
3267	10785	2
3267	11138	1
3267	11224	3
3267	11299	2
3267	11599	7
3267	11976	1
3267	12018	1
3267	12030	1
3291	7365	1
3291	7390	2
3291	8169	1
3291	10943	1
3296	3358	1
3296	4825	7
3296	5079	3
3296	5191	1
3296	5967	1
3296	6519	1
3296	6676	1
3296	7235	1
3296	8827	2
3296	9728	1
3296	9875	2
3296	10100	1
3296	11138	1
3296	11813	1
3296	11907	1
3296	12106	1
3296	12315	1
3305	5487	1
3305	6333	1
3305	6676	1
3305	7006	1
3305	7235	2
3305	8224	1
3305	8678	1
3305	11976	1
3317	4253	2
3317	4256	1
3317	4345	2
3317	5191	1
3317	6113	1
3317	6631	1
3317	6996	1
3317	7455	2
3317	7807	1
3317	8224	2
3317	8324	2
3317	8428	1
3317	9544	4
3317	12144	1
3317	12165	1
3331	3337	4
3331	3504	1
3331	4253	1
3331	4311	2
3331	4825	17
3331	5953	1
3331	8529	1
3331	8869	1
3331	9544	1
3331	9760	1
3331	10669	1
3331	11853	1
3331	11907	1
3331	12106	2
3331	12174	1
3337	4825	4
3342	4825	25
3342	5079	1
3342	5091	1
3342	5664	1
3342	5963	1
3342	6165	1
3342	6340	1
3342	6676	1
3342	7501	2
3342	8401	2
3342	8428	1
3342	8678	1
3342	8911	3
3342	9775	1
3342	10100	1
3342	10330	1
3342	10841	2
3342	11976	1
3342	12340	1
3358	3671	1
3358	4215	1
3358	5191	1
3358	5257	1
3358	5398	1
3358	5487	1
3358	6340	1
3358	6631	2
3358	6676	1
3358	7235	1
3358	8404	1
3358	9943	1
3358	10100	1
3358	11813	1
3358	11931	1
3376	3441	3
3376	3671	1
3376	3790	1
3376	4253	2
3376	4747	1
3376	4825	3
3376	4949	2
3376	5026	1
3376	5848	2
3376	5874	1
3376	6340	1
3376	6631	2
3376	6720	1
3376	6973	1
3376	7235	2
3376	7508	1
3376	8212	1
3376	8324	2
3376	8398	1
3376	8568	2
3376	8653	2
3376	9135	1
3376	9186	3
3376	10478	1
3376	10943	4
3376	11890	3
3376	12018	2
3390	4747	1
3390	5487	2
3390	6990	2
3390	7235	1
3390	7344	2
3390	7559	3
3390	8224	1
3390	10123	1
3390	10601	1
3423	5327	2
3423	6229	1
3423	6909	1
3423	7365	5
3423	10943	2
3423	11138	1
3441	3467	4
3441	3471	2
3441	3478	11
3441	3482	4
3441	3492	1
3441	3504	2
3441	3574	2
3441	3671	2
3441	3834	1
3441	3901	1
3441	3930	1
3441	3968	1
3441	3996	1
3441	4014	2
3441	4099	5
3441	4166	1
3441	4180	4
3441	4185	3
3441	4186	4
3441	4208	20
3441	4336	1
3441	4458	1
3441	4581	1
3441	5012	1
3441	5084	1
3441	5640	16
3441	5664	5
3441	5719	4
3441	5848	2
3441	5874	1
3441	5957	2
3441	6113	3
3441	6229	4
3441	6271	2
3441	6333	5
3441	6340	3
3441	6676	12
3441	6720	1
3441	6787	1
3441	7039	1
3441	7161	1
3441	7235	10
3441	7557	1
3441	7995	1
3441	8080	1
3441	8224	1
3441	8324	2
3441	8401	1
3441	8404	1
3441	8421	3
3441	8441	2
3441	8653	2
3441	8678	6
3441	8696	1
3441	8712	2
3441	8780	1
3441	8872	2
3441	8893	3
3441	8911	1
3441	8927	1
3441	8935	1
3441	9186	4
3441	9345	1
3441	9354	2
3441	9609	1
3441	10100	5
3441	10294	1
3441	10296	1
3441	10298	2
3441	10599	24
3441	10601	5
3441	10602	1
3441	10785	76
3441	10806	10
3441	10818	1
3441	11138	1
3441	11354	2
3441	11418	1
3441	11517	1
3441	11592	1
3441	11865	2
3441	11931	1
3441	12113	1
3467	5640	5
3467	10599	3
3471	4208	2
3478	3482	1
3478	4180	2
3478	4185	3
3478	4186	2
3478	4208	1
3478	5640	3
3478	6113	1
3478	8678	2
3478	8927	1
3478	10100	1
3478	10599	1
3478	10785	1
3482	3968	1
3482	4208	2
3482	6271	4
3482	7302	1
3482	8780	1
3482	10024	1
3482	10752	1
3492	4166	1
3492	4208	2
3492	4336	1
3504	3930	2
3504	4020	1
3504	4099	1
3504	4208	2
3504	4458	1
3504	5640	2
3504	6676	2
3504	7235	1
3504	7508	1
3504	8700	1
3504	9760	1
3504	10024	1
3504	10100	2
3504	10599	1
3504	10669	3
3504	10752	1
3504	10785	1
3504	10912	1
3504	10943	1
3530	4311	1
3530	6113	1
3530	6676	1
3530	7235	2
3530	7501	1
3530	7559	1
3530	8441	1
3530	8872	1
3530	9222	1
3530	9544	1
3530	11138	1
3530	11947	1
3549	4478	2
3549	5388	2
3549	6113	2
3549	7129	1
3549	10599	1
3549	11458	1
3553	6142	1
3553	7094	1
3553	7225	1
3553	7235	1
3553	8589	1
3553	8712	1
3553	8872	1
3553	9154	1
3553	10298	1
3553	10601	1
3558	3683	2
3558	3851	2
3558	4968	1
3558	8441	1
3558	10809	1
3574	3774	1
3574	3796	1
3574	3834	1
3574	4253	18
3574	5664	1
3574	5874	3
3574	6205	1
3574	6333	1
3574	6340	1
3574	6359	1
3574	6506	1
3574	6676	3
3574	6720	2
3574	6787	1
3574	6909	1
3574	7189	1
3574	7235	2
3574	7302	1
3574	8589	1
3574	8678	2
3574	8872	1
3574	8935	1
3574	9058	1
3574	9186	1
3574	10669	1
3574	10785	1
3574	11138	1
3574	11592	3
3574	11865	2
3574	11954	1
3574	12106	1
3574	12125	1
3647	8169	1
3647	9143	1
3647	10420	1
3649	8144	3
3649	9143	2
3671	5388	1
3671	5487	1
3671	6333	1
3671	6340	1
3671	6631	3
3671	7006	1
3671	8081	1
3671	8324	1
3671	8398	1
3671	8421	1
3671	9186	1
3671	9544	1
3671	9943	1
3671	10599	1
3671	11517	1
3671	11995	1
3683	3851	2
3683	4968	2
3683	5780	1
3683	6519	1
3683	9599	1
3683	9875	1
3683	10461	1
3683	10809	2
3708	4099	1
3708	4208	1
3708	4458	1
3708	8653	1
3716	4253	3
3716	4311	4
3716	4825	4
3716	5388	1
3716	6229	1
3716	8872	2
3716	9077	1
3716	11094	1
3717	6973	1
3717	9071	2
3717	9354	1
3717	11131	3
3748	4581	1
3748	7557	1
3748	7559	1
3748	8653	1
3748	10420	1
3759	4253	2
3759	5012	1
3759	5038	1
3759	5191	1
3759	5487	2
3759	6631	3
3759	7235	1
3759	8324	1
3759	8653	1
3759	9943	1
3759	11592	1
3759	11974	1
3759	12340	2
3774	5841	1
3774	7365	1
3774	8324	1
3774	8872	1
3774	9186	1
3774	11931	2
3774	11995	1
3790	4343	1
3790	4825	1
3790	4969	3
3790	5026	1
3790	7108	2
3790	7189	5
3790	7277	1
3790	9135	1
3790	10478	3
3790	10507	1
3790	11415	2
3790	11995	1
3790	12113	1
3796	3851	4
3796	4968	1
3796	5239	1
3796	5568	1
3796	5719	1
3796	5780	1
3796	5933	2
3796	5967	1
3796	6519	2
3796	6676	2
3796	6802	1
3796	7030	3
3796	7094	1
3796	7235	1
3796	8048	1
3796	8589	4
3796	8780	1
3796	8869	1
3796	9058	1
3796	9135	1
3796	9274	1
3796	9343	1
3796	9875	2
3796	10016	2
3796	10669	3
3796	10912	1
3796	11695	1
3796	12125	1
3834	5780	1
3834	8441	1
3834	8589	1
3834	9186	1
3834	9343	1
3834	10785	1
3834	11865	1
3849	3851	4
3849	4253	2
3849	6519	2
3849	8935	1
3849	9875	2
3849	10016	5
3849	11695	1
3851	4253	4
3851	4378	1
3851	4951	1
3851	4968	4
3851	5719	2
3851	6519	17
3851	7030	2
3851	7094	1
3851	7235	1
3851	7277	1
3851	8018	1
3851	8441	2
3851	8589	3
3851	8700	1
3851	8780	3
3851	8935	3
3851	9274	2
3851	9875	17
3851	10016	9
3851	10050	2
3851	10669	5
3851	10912	1
3851	11138	2
3851	11695	1
3851	12125	2
3901	9090	1
3901	11853	1
3901	11974	1
3930	4825	1
3930	5026	1
3930	5091	1
3930	5640	1
3930	6637	1
3930	6676	1
3930	7227	1
3930	8678	1
3930	8869	1
3930	8872	1
3930	10752	1
3930	11221	1
3930	11272	1
3930	11960	2
3932	6377	1
3932	7455	1
3932	8529	1
3932	11865	2
3934	11931	2
3946	5026	4
3946	5841	3
3946	7792	1
3946	11251	4
3946	11272	1
3946	11328	4
3968	5388	1
3968	6377	1
3968	8712	2
3968	9544	1
3968	10785	1
3996	4208	2
3996	4458	1
3996	4717	1
3996	4949	1
3996	4967	1
3996	5239	1
3996	5388	2
3996	5664	2
3996	6340	1
3996	6377	1
3996	6631	3
3996	6693	1
3996	6787	2
3996	6869	1
3996	6973	1
3996	7235	5
3996	7248	1
3996	7344	1
3996	7484	1
3996	8678	1
3996	8696	1
3996	8872	1
3996	10296	1
3996	10298	1
3996	10433	1
3996	11138	2
3996	11164	1
3996	11199	1
3996	11245	1
3996	11865	1
3996	11979	1
4014	5719	1
4014	5729	1
4014	5848	2
4014	10599	2
4014	10752	1
4014	10785	1
4014	11354	1
4020	4825	1
4020	5388	3
4020	7161	1
4020	7914	1
4020	10785	1
4020	10943	1
4020	11995	1
4020	12178	1
4091	4825	1
4091	6340	1
4091	8529	1
4091	8678	2
4091	9135	1
4091	11890	1
4099	4166	3
4099	4208	24
4099	4256	6
4099	4336	8
4099	5388	13
4099	5487	1
4099	5640	1
4099	6113	2
4099	6229	2
4099	6333	1
4099	6340	2
4099	6676	2
4099	7235	3
4099	7748	1
4099	8653	1
4099	8678	1
4099	8798	1
4099	8927	4
4099	9135	2
4099	9208	3
4099	9279	1
4099	9340	1
4099	9902	1
4099	10100	1
4099	10785	2
4099	11138	1
4099	11931	1
4099	11981	1
4122	7235	1
4122	7365	2
4122	10912	1
4122	11138	1
4136	5327	2
4136	5388	1
4136	7011	2
4136	7235	1
4136	9186	1
4143	7094	4
4143	8462	1
4166	4208	4
4166	4256	1
4166	4336	1
4166	6631	1
4166	9340	1
4166	11138	1
4176	6676	1
4176	8653	2
4180	4185	2
4180	5640	1
4180	6676	1
4180	11592	1
4185	4186	1
4185	4208	1
4185	5388	1
4185	5640	1
4186	5640	1
4186	8421	1
4208	4253	1
4208	4256	4
4208	4336	2
4208	4458	1
4208	5388	8
4208	5664	1
4208	5719	3
4208	6113	1
4208	6676	1
4208	6869	3
4208	7235	3
4208	7302	1
4208	7484	1
4208	8653	1
4208	8678	2
4208	8872	1
4208	8911	1
4208	9135	2
4208	9208	1
4208	9279	1
4208	10100	1
4208	10599	1
4208	10785	6
4208	10806	2
4208	11931	1
4208	12087	1
4208	12167	1
4215	5780	1
4215	5963	1
4215	6631	1
4215	6676	2
4215	7011	1
4215	7235	1
4215	7455	1
4215	8404	1
4215	9464	1
4215	9728	1
4215	9760	2
4215	10298	1
4215	10943	1
4215	11138	1
4215	11592	1
4215	11954	2
4253	4311	4
4253	4345	4
4253	4375	1
4253	4378	1
4253	4458	3
4253	4825	2
4253	5088	2
4253	5487	5
4253	5568	2
4253	5664	2
4253	5719	1
4253	5874	3
4253	6113	3
4253	6205	1
4253	6333	3
4253	6340	7
4253	6631	6
4253	6666	3
4253	6676	12
4253	6693	1
4253	6720	1
4253	6787	4
4253	6909	1
4253	6973	1
4253	7189	1
4253	7235	34
4253	7455	3
4253	7501	1
4253	8303	2
4253	8324	7
4253	8405	5
4253	8421	2
4253	8441	1
4253	8568	1
4253	8678	5
4253	8704	1
4253	8780	1
4253	8872	2
4253	8935	2
4253	8942	2
4253	8947	1
4253	9012	2
4253	9053	1
4253	9058	2
4253	9135	2
4253	9186	5
4253	9345	1
4253	9464	1
4253	9544	4
4253	9590	10
4253	9728	1
4253	10016	2
4253	10294	1
4253	10296	1
4253	10316	2
4253	10420	1
4253	10507	1
4253	10659	1
4253	10669	2
4253	10871	1
4253	11138	1
4253	11154	3
4253	11164	2
4253	11403	1
4253	11517	1
4253	11592	5
4253	11695	1
4253	11853	1
4253	11890	1
4253	11931	2
4253	11960	2
4253	12106	1
4253	12125	6
4253	12144	2
4253	12340	1
4256	4336	1
4256	5191	1
4256	5257	1
4256	5388	7
4256	5487	2
4256	5851	1
4256	6113	1
4256	6333	2
4256	6869	2
4256	6996	1
4256	7235	3
4256	7748	9
4256	7807	1
4256	7901	1
4256	8224	1
4256	8678	1
4256	8911	1
4256	8927	2
4256	10546	1
4256	11138	2
4256	11491	1
4256	11931	3
4271	5079	1
4271	5963	1
4271	7277	1
4271	7497	1
4271	8704	2
4271	10499	1
4271	11995	1
4293	4747	1
4293	8653	1
4293	11164	1
4293	11931	1
4293	12100	1
4311	4825	12
4311	5026	1
4311	5239	1
4311	5388	1
4311	6506	1
4311	7094	2
4311	8105	1
4311	8780	1
4311	8872	1
4311	9077	4
4311	9354	1
4311	10016	1
4311	11853	1
4321	4474	2
4321	4852	1
4321	5388	1
4321	7189	4
4321	8780	1
4321	11995	1
4336	5388	2
4336	6340	1
4336	6869	2
4336	8798	1
4336	8927	1
4336	9135	1
4336	9340	1
4336	10785	1
4336	11954	2
4340	7094	3
4340	8872	1
4340	9274	3
4340	10461	3
4343	4474	1
4343	7189	1
4343	10478	1
4343	10507	2
4345	5487	1
4345	5970	1
4345	6631	1
4345	7235	1
4345	8324	2
4345	10298	1
4350	5600	1
4350	7094	1
4350	7302	1
4350	7455	2
4350	9544	1
4350	11769	1
4375	4378	2
4375	6340	1
4375	7094	1
4375	7235	1
4375	8568	1
4375	9279	1
4378	6676	2
4378	7094	1
4378	7235	3
4378	7521	1
4378	8568	1
4378	8678	1
4378	9135	1
4378	9279	1
4378	9875	1
4378	10016	1
4378	10818	1
4378	10943	1
4378	11931	1
4378	11960	1
4458	4852	1
4458	5091	1
4458	5388	1
4458	5664	1
4458	6333	1
4458	6340	1
4458	6631	2
4458	6720	2
4458	6787	3
4458	6996	2
4458	7094	1
4458	7455	1
4458	7484	1
4458	7559	1
4458	8080	1
4458	8324	1
4458	10050	1
4458	11131	1
4458	11813	1
4474	4852	1
4474	5097	1
4474	5933	1
4474	6359	2
4474	7189	15
4474	7277	1
4474	8780	2
4474	9872	1
4474	10507	2
4474	11995	1
4478	5487	1
4478	7011	1
4478	7189	2
4478	9074	1
4478	10943	3
4478	11138	1
4478	11418	1
4478	12030	1
4494	5841	1
4576	5600	1
4576	6340	1
4576	7235	2
4576	10599	1
4576	10601	1
4576	10943	1
4581	5664	2
4581	7235	1
4581	8224	1
4581	9544	1
4619	5388	1
4619	5568	1
4619	5848	1
4619	7094	1
4619	7914	1
4619	9274	1
4619	9902	1
4619	10123	1
4619	10546	1
4619	11138	1
4619	11418	2
4619	11816	1
4619	11942	1
4659	5487	1
4659	7094	1
4659	7225	1
4659	8224	2
4659	9074	1
4659	10298	1
4659	10878	1
4671	5600	1
4671	5603	1
4671	7094	1
4688	5600	1
4688	7455	1
4688	9544	2
4688	11769	1
4688	12144	1
4688	12147	1
4716	4717	4
4716	5664	1
4716	6113	1
4717	5388	4
4717	5600	1
4717	6113	2
4717	9032	1
4747	4949	2
4747	5024	1
4747	5176	1
4747	5388	12
4747	6229	3
4747	6334	3
4747	6340	1
4747	6676	2
4747	7189	1
4747	7248	1
4747	7497	2
4747	8324	7
4747	8872	1
4747	9012	1
4747	9186	1
4747	10298	1
4747	10420	1
4747	10507	1
4747	10599	1
4747	10943	2
4747	11138	1
4747	11164	2
4747	11328	1
4747	11887	1
4747	11931	2
4747	11995	7
4825	4951	1
4825	4969	1
4825	5079	16
4825	5091	1
4825	5388	13
4825	5664	8
4825	5874	2
4825	6113	3
4825	6165	3
4825	6229	1
4825	6340	5
4825	6359	1
4825	6506	1
4825	6676	4
4825	6996	1
4825	7129	1
4825	7227	1
4825	7235	10
4825	7501	2
4825	7508	1
4825	7995	1
4825	8105	1
4825	8224	1
4825	8324	2
4825	8398	1
4825	8401	2
4825	8428	2
4825	8441	1
4825	8462	2
4825	8529	3
4825	8653	1
4825	8678	14
4825	8827	16
4825	8869	1
4825	8911	5
4825	8935	3
4825	9071	1
4825	9077	5
4825	9135	2
4825	9186	1
4825	9544	3
4825	9609	2
4825	9728	1
4825	9740	1
4825	9760	2
4825	9775	13
4825	10016	4
4825	10100	1
4825	10296	1
4825	10330	5
4825	10669	1
4825	10841	25
4825	10912	1
4825	11094	1
4825	11378	1
4825	11760	2
4825	11816	1
4825	11853	4
4825	11865	3
4825	11890	4
4825	11907	5
4825	11931	2
4825	11976	6
4825	11995	1
4825	12082	2
4825	12106	5
4825	12144	2
4825	12147	1
4825	12174	4
4825	12198	2
4825	12206	1
4825	12315	1
4852	5851	1
4852	5963	1
4852	6631	1
4852	7094	4
4852	7189	1
4852	7225	1
4852	7277	1
4852	7501	1
4852	7508	1
4852	8780	2
4852	8872	2
4852	9274	1
4852	10499	1
4852	11853	1
4852	12343	1
4853	5026	1
4853	6720	1
4853	8653	1
4853	11865	1
4944	5239	2
4944	5388	2
4944	7365	1
4944	9154	1
4944	9902	1
4949	5388	1
4949	6676	1
4949	9135	1
4949	11328	1
4949	11415	1
4951	6519	1
4951	6676	2
4951	8712	1
4951	9875	1
4951	10634	1
4956	5388	1
4956	6229	1
4956	11316	1
4956	11366	1
4967	5239	5
4967	5388	2
4967	7030	1
4967	7235	1
4967	8645	4
4967	10016	1
4967	10024	1
4967	11138	1
4967	11199	5
4967	11224	2
4967	11299	3
4967	11328	1
4967	11599	1
4968	5851	1
4968	8048	2
4968	8053	1
4968	8589	1
4968	9274	1
4968	10050	1
4968	11138	1
4972	5388	1
4972	5398	1
4972	6909	1
4972	8303	1
4972	8872	1
4972	12315	5
5012	5356	1
5012	5388	4
5012	5461	1
5012	5487	1
5012	6113	3
5012	6229	1
5012	6720	1
5012	8324	1
5012	8653	4
5012	9135	2
5012	9186	1
5012	11138	1
5012	11931	1
5024	5729	2
5026	5664	1
5026	5841	4
5026	6113	1
5026	7235	3
5026	7792	4
5026	8816	1
5026	8872	1
5026	8911	1
5026	9012	1
5026	9135	1
5026	10024	2
5026	10478	1
5026	11251	10
5026	11271	1
5026	11272	11
5026	11328	5
5026	12100	1
5026	12104	1
5038	6631	2
5038	7094	2
5038	8589	1
5038	8935	1
5038	10016	1
5038	10599	1
5038	10669	1
5038	12340	1
5079	5239	1
5079	5388	1
5079	5664	4
5079	5848	1
5079	6333	1
5079	6368	2
5079	6377	1
5079	6519	3
5079	7235	4
5079	8529	4
5079	8678	8
5079	8816	1
5079	8838	1
5079	9775	1
5079	9875	2
5079	10669	1
5079	10818	1
5079	10841	4
5079	10912	1
5079	10943	1
5079	11131	1
5079	11224	1
5079	11760	1
5079	11865	4
5079	11907	4
5079	12082	2
5084	5088	1
5084	5131	1
5084	9464	1
5084	9544	1
5084	10461	1
5088	5131	1
5088	6631	1
5088	6676	4
5088	6720	2
5088	6973	1
5088	7011	1
5088	7235	1
5088	8224	1
5088	8678	3
5088	9186	3
5088	9464	1
5088	9544	1
5088	10294	1
5088	11328	1
5088	11517	1
5088	11695	6
5088	12178	1
5091	5388	1
5091	5664	1
5091	6506	1
5091	7011	1
5091	7227	1
5091	9135	1
5091	10100	2
5091	11131	8
5091	11221	1
5091	11960	1
5091	11976	8
5097	5342	1
5097	5388	7
5097	6676	2
5097	7189	2
5097	7235	1
5097	8224	1
5097	8324	2
5097	8872	1
5097	9186	1
5097	9354	1
5097	10659	1
5097	11403	1
5097	11887	1
5097	11995	4
5131	7455	2
5131	8947	1
5131	9464	1
5131	9544	4
5176	5388	1
5176	5583	1
5176	5970	1
5176	6334	1
5176	7365	1
5176	8144	3
5176	11931	1
5191	6631	1
5191	6676	1
5191	6996	1
5191	7227	1
5191	7455	1
5191	7807	1
5191	10100	1
5191	11592	1
5191	11813	2
5239	5388	7
5239	5568	1
5239	5933	1
5239	6113	1
5239	6229	1
5239	6519	1
5239	6631	1
5239	7030	2
5239	7094	15
5239	7235	2
5239	7508	1
5239	7901	1
5239	8212	1
5239	8645	1
5239	8872	1
5239	9135	1
5239	9208	1
5239	9354	1
5239	9875	1
5239	9902	1
5239	10016	1
5239	10024	1
5239	10943	3
5239	11138	2
5239	11199	2
5239	11224	2
5239	11241	1
5239	11299	2
5239	11328	2
5239	11418	1
5239	11599	3
5239	11912	2
5251	7901	2
5257	5398	1
5257	5487	1
5257	5874	1
5257	6340	1
5257	6631	1
5257	7235	1
5257	7521	1
5257	7559	1
5257	7748	1
5257	8678	1
5257	9053	1
5257	11592	1
5257	11931	2
5257	12167	1
5327	6229	1
5327	6973	1
5327	7235	1
5327	9609	1
5342	11995	1
5356	6113	1
5356	6720	1
5356	7344	1
5356	8653	2
5356	9599	1
5356	11695	1
5356	11947	2
5388	5398	2
5388	5461	3
5388	5640	1
5388	5664	1
5388	5780	1
5388	5874	8
5388	5963	2
5388	6113	10
5388	6205	2
5388	6229	25
5388	6333	1
5388	6334	3
5388	6340	1
5388	6368	1
5388	6377	1
5388	6543	2
5388	6631	3
5388	6637	1
5388	6676	11
5388	6685	1
5388	6720	3
5388	6869	4
5388	6909	1
5388	6973	2
5388	7011	2
5388	7094	10
5388	7108	1
5388	7129	3
5388	7161	2
5388	7189	9
5388	7235	9
5388	7277	3
5388	7344	2
5388	7365	4
5388	7497	3
5388	7521	1
5388	7748	4
5388	7901	3
5388	7914	1
5388	8080	2
5388	8152	1
5388	8224	5
5388	8324	6
5388	8441	1
5388	8455	1
5388	8529	2
5388	8645	2
5388	8653	6
5388	8678	1
5388	8838	6
5388	8857	6
5388	8872	4
5388	8911	3
5388	9032	1
5388	9071	3
5388	9135	2
5388	9208	6
5388	9274	1
5388	9279	1
5388	9544	1
5388	9599	4
5388	9609	21
5388	9728	4
5388	9775	1
5388	9902	10
5388	10100	2
5388	10330	2
5388	10370	4
5388	10420	1
5388	10507	3
5388	10599	6
5388	10818	6
5388	10841	3
5388	10943	5
5388	11131	3
5388	11138	6
5388	11199	2
5388	11221	1
5388	11328	2
5388	11378	1
5388	11390	1
5388	11415	2
5388	11491	1
5388	11592	3
5388	11599	2
5388	11695	1
5388	11865	5
5388	11912	2
5388	11931	9
5388	11954	6
5388	11960	1
5388	11981	1
5388	11995	22
5388	11997	5
5388	12030	2
5388	12087	1
5388	12125	1
5388	12167	2
5388	12175	1
5388	12217	2
5388	12315	2
5398	5487	1
5398	6340	1
5398	6631	5
5398	6676	1
5398	6693	1
5398	6720	1
5398	7227	1
5398	7235	2
5398	8080	1
5398	8324	3
5398	8404	1
5398	8441	1
5398	9032	1
5398	9074	1
5398	10943	1
5398	11931	1
5398	12144	1
5398	12178	1
5398	12315	1
5461	8645	1
5461	8653	1
5461	9599	1
5461	10818	1
5461	11954	1
5461	11995	1
5487	6333	2
5487	6340	6
5487	6631	3
5487	6676	1
5487	6693	1
5487	7235	3
5487	7344	1
5487	7559	2
5487	8224	3
5487	8511	3
5487	8653	3
5487	8678	1
5487	8927	1
5487	9464	1
5487	9544	1
5487	9902	1
5487	10298	1
5487	10871	1
5487	10943	2
5487	11931	2
5548	7094	1
5551	6229	1
5551	7094	1
5551	10123	1
5568	5600	2
5568	5867	1
5568	6142	1
5568	6229	1
5568	6340	1
5568	6377	1
5568	6666	1
5568	7094	6
5568	7235	2
5568	8144	1
5568	8441	1
5568	8780	1
5568	8872	1
5568	9135	1
5568	9186	1
5568	9222	2
5568	9544	1
5568	9902	3
5568	10599	1
5568	10943	4
5568	11418	1
5568	11942	1
5568	12119	1
5568	12206	2
5568	12343	1
5583	5600	3
5583	7235	1
5583	7455	2
5583	8324	1
5583	8441	2
5583	9186	1
5583	9544	2
5583	11094	1
5583	11974	1
5583	12147	1
5600	5664	2
5600	6065	1
5600	6340	1
5600	7039	1
5600	7094	7
5600	7235	2
5600	8144	1
5600	8152	3
5600	8169	1
5600	8441	2
5600	8455	1
5600	8678	1
5600	8911	2
5600	8942	1
5600	9186	1
5600	9902	1
5600	10024	1
5600	10050	1
5600	10298	1
5600	10420	1
5600	10620	1
5600	12113	1
5603	7094	2
5615	5664	1
5615	7225	1
5615	8589	1
5615	10601	1
5640	6113	1
5640	7161	1
5640	7557	1
5640	8224	1
5640	9279	1
5640	9609	1
5640	10100	1
5640	10599	3
5640	10785	1
5640	11354	1
5640	11418	1
5640	11592	1
5664	6113	2
5664	6333	1
5664	6340	1
5664	6631	2
5664	6787	1
5664	6801	1
5664	7030	1
5664	7094	1
5664	7235	2
5664	8441	1
5664	8529	1
5664	8589	1
5664	8678	6
5664	8816	2
5664	8872	2
5664	9135	1
5664	9728	1
5664	9775	2
5664	10298	2
5664	10420	1
5664	10785	1
5664	11131	1
5664	11138	1
5664	11164	1
5664	11241	1
5664	11865	1
5664	11907	1
5664	12104	1
5719	5729	1
5719	6676	2
5719	6990	1
5719	7094	4
5719	7559	1
5719	8053	1
5719	8589	9
5719	9135	1
5719	9354	1
5719	10599	2
5719	10601	1
5719	10752	1
5719	10785	2
5719	11931	1
5719	11979	1
5729	8324	2
5729	8589	5
5729	9090	1
5729	11464	1
5729	11491	1
5729	11931	1
5780	5851	1
5780	5874	1
5780	5993	1
5780	6229	1
5780	6637	1
5780	6676	1
5780	6720	1
5780	7094	1
5780	7189	1
5780	7235	1
5780	8048	1
5780	9058	1
5780	9343	9
5780	9728	1
5780	10298	1
5780	10461	1
5780	11418	3
5780	11954	1
5780	11960	1
5780	12315	2
5841	6113	1
5841	6676	1
5841	7235	1
5841	7792	1
5841	8872	1
5841	9135	1
5841	9186	1
5841	11251	3
5841	11328	4
5841	11853	1
5841	11931	1
5848	8678	1
5848	9186	1
5848	10599	2
5848	11418	1
5851	7094	1
5851	8303	1
5851	8872	1
5851	9274	1
5851	11328	1
5867	6787	1
5867	6973	1
5867	6996	1
5867	7011	1
5867	7235	1
5867	11976	1
5874	6205	5
5874	6676	3
5874	6720	1
5874	6973	1
5874	7484	1
5874	8224	1
5874	8653	1
5874	8911	2
5874	9728	2
5874	9902	1
5874	10599	1
5874	11592	15
5874	11829	1
5874	11995	2
5874	12125	1
5874	12167	4
5874	12175	1
5874	12315	2
5933	7030	2
5933	7189	1
5933	11972	1
5953	9544	11
5957	6676	1
5957	7235	1
5957	8080	1
5957	8404	1
5957	9186	2
5957	10785	1
5957	10806	1
5963	7235	1
5963	8704	1
5963	12315	1
5967	5970	1
5967	6676	1
5967	12125	1
5970	6676	1
5970	8404	1
5970	12125	1
5993	6543	1
5993	6990	1
5993	7094	1
5993	7559	1
5993	9343	1
5993	10599	1
5993	10602	1
5993	10628	1
5993	11138	1
5993	11458	1
6065	6676	1
6065	11931	1
6065	11942	1
6113	6229	1
6113	6333	1
6113	6340	1
6113	6631	3
6113	6676	2
6113	6685	1
6113	6720	2
6113	6990	1
6113	7129	1
6113	7189	1
6113	7235	2
6113	7277	1
6113	7559	1
6113	8105	1
6113	8224	1
6113	8324	1
6113	8589	1
6113	8653	1
6113	8927	1
6113	9135	17
6113	9609	2
6113	10599	2
6113	10785	2
6113	11138	2
6113	11328	1
6113	11415	1
6113	11947	1
6113	11995	1
6113	11997	1
6142	7094	8
6142	7225	2
6142	7365	1
6142	8441	1
6142	8589	3
6142	8872	2
6142	10599	1
6142	10601	3
6142	11853	1
6165	6631	2
6165	7011	1
6165	7501	1
6165	8816	1
6165	9728	1
6165	11328	1
6165	11976	1
6205	6676	1
6205	7455	1
6205	8303	1
6205	11954	1
6205	12144	1
6205	12182	1
6205	12198	1
6229	6334	3
6229	6676	6
6229	6720	4
6229	6990	8
6229	7094	5
6229	7129	2
6229	7189	1
6229	7235	3
6229	7390	1
6229	7484	1
6229	7557	3
6229	7559	11
6229	7792	1
6229	8007	1
6229	8057	1
6229	8080	1
6229	8081	1
6229	8653	3
6229	8872	3
6229	8911	1
6229	9012	1
6229	9135	2
6229	9208	3
6229	9609	1
6229	9902	1
6229	10123	1
6229	10316	1
6229	10370	1
6229	10420	1
6229	10599	18
6229	10602	1
6229	10628	1
6229	10785	1
6229	10818	1
6229	10943	1
6229	11138	1
6229	11199	1
6229	11328	1
6229	11458	1
6229	11599	1
6229	11865	1
6229	11912	2
6229	11931	1
6229	11954	4
6229	11974	1
6229	11995	1
6229	11997	1
6229	12030	2
6333	6340	17
6333	6631	1
6333	6676	1
6333	6973	1
6333	6990	2
6333	6996	1
6333	7094	2
6333	7235	5
6333	7559	2
6333	8441	1
6333	8589	1
6333	8678	2
6333	8712	1
6333	8927	1
6333	9135	1
6333	9544	1
6333	9902	1
6333	10785	3
6333	11865	1
6333	11976	1
6334	7484	1
6334	8872	3
6334	10599	1
6340	6631	9
6340	6676	9
6340	6720	1
6340	6909	1
6340	6973	2
6340	6990	2
6340	7094	1
6340	7235	12
6340	7455	3
6340	7521	1
6340	7559	2
6340	8224	1
6340	8324	1
6340	8401	2
6340	8589	1
6340	8678	1
6340	8798	1
6340	9135	1
6340	9186	5
6340	9274	1
6340	9464	1
6340	9544	4
6340	9902	2
6340	9943	1
6340	10298	2
6340	10620	1
6340	10785	1
6340	10871	1
6340	10943	7
6340	11890	2
6340	11931	1
6340	12018	2
6340	12144	2
6359	6506	1
6359	6631	1
6359	7094	1
6359	7189	2
6359	8780	1
6359	9032	1
6359	11976	1
6368	6377	1
6368	6676	1
6368	6787	1
6368	8529	1
6368	8589	3
6368	9728	1
6368	9828	2
6368	9875	1
6368	11138	1
6377	6802	1
6377	7094	1
6377	7277	1
6377	8529	1
6377	8712	3
6377	10912	1
6377	11138	1
6377	11310	1
6377	11829	1
6377	11865	2
6377	11931	1
6506	7094	2
6506	8105	1
6506	8441	2
6506	8872	1
6506	10100	1
6506	11976	1
6519	6802	1
6519	8018	1
6519	8935	2
6519	9274	1
6519	9875	21
6519	10016	6
6519	10669	3
6543	7094	1
6543	7235	1
6543	10370	1
6543	10599	1
6543	10602	1
6543	11458	1
6543	11997	1
6631	6676	27
6631	6720	2
6631	6787	3
6631	7011	1
6631	7227	3
6631	7235	4
6631	7302	6
6631	7455	6
6631	7508	1
6631	8018	1
6631	8080	1
6631	8152	1
6631	8303	2
6631	8324	28
6631	8398	1
6631	8401	1
6631	8404	3
6631	8428	5
6631	8441	3
6631	8462	1
6631	8653	1
6631	8696	1
6631	8712	2
6631	8780	4
6631	8797	2
6631	8872	2
6631	8935	1
6631	9135	4
6631	9186	6
6631	9453	1
6631	9544	6
6631	9609	1
6631	9728	1
6631	9828	1
6631	9943	7
6631	10016	5
6631	10100	2
6631	10420	1
6631	10659	1
6631	10669	1
6631	10878	1
6631	10943	1
6631	11131	1
6631	11138	3
6631	11418	1
6631	11517	1
6631	11592	1
6631	11829	1
6631	11890	2
6631	11931	3
6631	11954	1
6631	11960	2
6631	11974	7
6631	11976	3
6631	12018	1
6631	12125	3
6631	12144	4
6631	12178	3
6631	12206	8
6631	12315	1
6631	12340	4
6631	12343	1
6637	7094	1
6637	9343	1
6637	10602	1
6637	10943	1
6637	11960	1
6666	6676	2
6666	9012	1
6666	11418	1
6666	11695	2
6666	11931	1
6676	6693	2
6676	6720	3
6676	6787	2
6676	6909	1
6676	6973	1
6676	6996	1
6676	7006	3
6676	7039	1
6676	7094	3
6676	7129	1
6676	7189	2
6676	7227	3
6676	7235	13
6676	7277	1
6676	7491	1
6676	7521	1
6676	7748	1
6676	7807	1
6676	7995	1
6676	8018	1
6676	8080	1
6676	8081	1
6676	8212	1
6676	8224	1
6676	8303	2
6676	8324	10
6676	8404	3
6676	8421	1
6676	8441	1
6676	8589	4
6676	8653	1
6676	8712	2
6676	8780	3
6676	8911	1
6676	8927	1
6676	8935	1
6676	9012	2
6676	9058	3
6676	9135	1
6676	9186	3
6676	9274	1
6676	9343	1
6676	9345	1
6676	9464	3
6676	9534	3
6676	9544	3
6676	9760	1
6676	9943	1
6676	10298	1
6676	10499	1
6676	10507	1
6676	10599	4
6676	10601	3
6676	10620	1
6676	10659	1
6676	10709	1
6676	10785	4
6676	10878	1
6676	11138	6
6676	11154	1
6676	11241	1
6676	11418	2
6676	11517	2
6676	11592	3
6676	11695	3
6676	11813	1
6676	11816	1
6676	11887	1
6676	11931	10
6676	11947	2
6676	11954	5
6676	11960	4
6676	11972	1
6676	11974	1
6676	11995	4
6676	11997	2
6676	12119	1
6676	12125	4
6676	12167	1
6676	12175	4
6676	12178	4
6676	12206	4
6676	12340	3
6693	6720	2
6693	7235	1
6693	11931	1
6720	6973	1
6720	7189	1
6720	7235	3
6720	7455	3
6720	8080	1
6720	8678	2
6720	8942	1
6720	9186	1
6720	10296	1
6720	10599	2
6720	10809	1
6720	11592	1
6720	11695	1
6720	11769	1
6720	11813	1
6720	11865	1
6720	12100	1
6720	12125	2
6720	12175	1
6731	7094	3
6731	7108	1
6731	7277	1
6731	7365	1
6731	9208	1
6731	9453	1
6731	10634	1
6787	7235	3
6787	8324	1
6787	8589	3
6787	9186	1
6787	9279	1
6787	10785	1
6787	11138	1
6787	11890	1
6787	11931	1
6787	11954	1
6801	9274	1
6801	9875	3
6801	10511	1
6801	11310	1
6802	8224	1
6802	11310	1
6869	8872	1
6869	8911	1
6869	9208	1
6869	11491	1
6869	12340	1
6909	7235	1
6909	7365	1
6909	7390	1
6909	7557	1
6909	8048	1
6909	8511	1
6909	8678	2
6909	8872	1
6909	9135	1
6909	9902	3
6909	10296	1
6909	10943	8
6909	11221	2
6909	11960	1
6909	12109	1
6909	12315	1
6973	7011	2
6973	7235	8
6973	8224	1
6973	8678	4
6973	8798	1
6973	9012	1
6973	9186	1
6973	10420	1
6973	10620	1
6973	10659	1
6973	10878	2
6973	11131	1
6973	11695	2
6990	7129	1
6990	7235	1
6990	7344	5
6990	7484	1
6990	7557	1
6990	7559	48
6990	8224	1
6990	8589	3
6990	8678	1
6990	8712	1
6990	8816	1
6990	8872	2
6990	8911	2
6990	10628	1
6990	11359	1
6990	11960	2
6996	8224	1
6996	9135	1
6996	9544	2
6996	11813	1
6996	11954	1
6996	11976	1
7006	7227	1
7006	8678	1
7006	9186	1
7011	7235	5
7011	7344	1
7011	8007	1
7011	9186	1
7011	9609	1
7011	10943	2
7011	11131	1
7011	11138	1
7011	11976	2
7030	8589	1
7030	10016	1
7039	10050	1
7094	7189	1
7094	7225	5
7094	7235	11
7094	7277	2
7094	7365	9
7094	7508	1
7094	8053	1
7094	8169	1
7094	8224	2
7094	8441	14
7094	8462	2
7094	8589	3
7094	8712	2
7094	8816	2
7094	8872	15
7094	9032	3
7094	9090	1
7094	9186	4
7094	9208	1
7094	9274	3
7094	9345	1
7094	9609	1
7094	9902	1
7094	10123	1
7094	10298	12
7094	10420	3
7094	10461	1
7094	10478	1
7094	10507	2
7094	10599	3
7094	10601	2
7094	10602	1
7094	10912	1
7094	11138	1
7094	11221	1
7094	11328	1
7094	11418	1
7094	11458	1
7094	11853	3
7094	11912	2
7094	11931	4
7094	11960	1
7094	11979	1
7094	12217	1
7108	7277	5
7108	9135	1
7129	7235	2
7129	7559	1
7129	8645	1
7129	8893	1
7129	10599	1
7129	11199	1
7161	8007	1
7161	8872	1
7161	11995	1
7189	7235	1
7189	7277	1
7189	8324	1
7189	8780	3
7189	9135	2
7189	9186	1
7189	9872	2
7189	10478	1
7189	10507	1
7189	10709	1
7189	11138	1
7189	11403	1
7189	11415	1
7189	11995	4
7189	12217	2
7225	8441	1
7225	8589	2
7225	8712	1
7225	8816	1
7225	9345	1
7225	10298	1
7225	10601	3
7227	8324	2
7227	8404	2
7227	8529	1
7227	8869	1
7227	11890	1
7235	7277	1
7235	7344	1
7235	7365	3
7235	7491	1
7235	7508	2
7235	7521	2
7235	7557	2
7235	7559	1
7235	7748	3
7235	7995	1
7235	8080	1
7235	8081	1
7235	8303	3
7235	8324	3
7235	8441	3
7235	8589	2
7235	8645	2
7235	8653	6
7235	8678	16
7235	8704	1
7235	8816	1
7235	8872	3
7235	8942	3
7235	8947	1
7235	9012	2
7235	9053	2
7235	9135	2
7235	9186	5
7235	9208	1
7235	9274	3
7235	9279	1
7235	9464	1
7235	9544	2
7235	9590	2
7235	9902	2
7235	10294	1
7235	10298	10
7235	10316	1
7235	10420	1
7235	10546	1
7235	10599	7
7235	10601	1
7235	10634	1
7235	10659	2
7235	10785	5
7235	10806	1
7235	10841	3
7235	10878	1
7235	10943	11
7235	11094	1
7235	11224	1
7235	11245	1
7235	11272	1
7235	11328	2
7235	11403	2
7235	11517	1
7235	11592	1
7235	11890	1
7235	11931	5
7235	11947	2
7235	11960	1
7235	11995	1
7235	11997	2
7235	12018	1
7235	12104	1
7235	12125	1
7235	12144	3
7235	12182	1
7235	12315	2
7248	8872	1
7248	8915	1
7248	10433	1
7248	12315	1
7277	7302	1
7277	8780	4
7277	8872	1
7277	9017	1
7277	9135	1
7277	9609	1
7277	10461	1
7277	10499	2
7277	10709	4
7277	11138	2
7277	11931	1
7277	11995	1
7277	12018	1
7277	12343	4
7277	12345	1
7302	7914	1
7302	8780	1
7302	8797	1
7302	9017	3
7302	10499	1
7302	10507	2
7302	10709	2
7302	11974	1
7302	11981	1
7302	12345	1
7344	7557	1
7344	7559	7
7344	8224	5
7344	8678	1
7344	8872	1
7344	10296	1
7344	11947	1
7365	7390	2
7365	8144	1
7365	9208	1
7365	9609	1
7365	9902	1
7365	10943	6
7365	11829	1
7365	12018	1
7365	12315	1
7390	9902	1
7455	7914	1
7455	8224	1
7455	8324	1
7455	8462	1
7455	8678	1
7455	8780	1
7455	8872	1
7455	8947	1
7455	9135	1
7455	9544	24
7455	9728	1
7455	9943	2
7455	11769	3
7455	11813	1
7455	11931	2
7455	11954	1
7455	12119	1
7455	12125	1
7455	12144	22
7455	12147	3
7455	12175	1
7455	12182	2
7455	12198	1
7484	7559	1
7484	8872	3
7484	10599	1
7484	10669	1
7491	8324	1
7491	10599	1
7497	8324	1
7497	11931	1
7497	11995	6
7501	8401	1
7501	10507	1
7501	11154	1
7508	8441	3
7508	8678	1
7508	8700	1
7508	11138	1
7521	8678	2
7521	9274	1
7521	11960	1
7557	7559	8
7557	8224	1
7557	8678	3
7557	9012	1
7557	9135	1
7557	9154	1
7557	9345	1
7557	9609	1
7557	10599	2
7557	11359	1
7559	8224	3
7559	8589	3
7559	8678	3
7559	8712	1
7559	8872	2
7559	8911	2
7559	9012	1
7559	9154	2
7559	9279	1
7559	9345	1
7559	10599	3
7559	10628	1
7559	10806	1
7559	11138	1
7559	11359	5
7559	11960	1
7559	12018	1
7748	11931	3
7792	9012	1
7792	10507	1
7792	11251	4
7792	11328	1
7807	9186	1
7807	10809	1
7807	11931	1
7901	7914	1
7901	8911	1
7914	11816	1
7914	11981	1
7995	10785	1
7995	11403	1
7995	11995	1
7995	11997	1
7995	12315	1
8007	8421	1
8018	10669	2
8048	8081	1
8048	8589	1
8048	10599	1
8048	10943	1
8053	10599	1
8053	10602	1
8053	11979	1
8057	9058	1
8057	9544	2
8057	10599	2
8080	10785	1
8080	11865	1
8080	12315	1
8081	8589	1
8081	8872	1
8081	10599	2
8081	10943	1
8081	11458	2
8081	11974	1
8105	11947	2
8144	8152	2
8144	8169	1
8144	9143	3
8144	10620	1
8144	11418	1
8152	8169	1
8152	9143	2
8152	9902	1
8152	10599	1
8152	10620	1
8152	11131	1
8152	11138	2
8152	11418	1
8169	10620	1
8169	11138	1
8169	12113	1
8212	11138	1
8212	11299	1
8212	11310	1
8212	11890	1
8224	8324	1
8224	8529	1
8224	8678	2
8224	8872	1
8224	9135	1
8224	9186	1
8224	9544	1
8224	10123	1
8224	10298	2
8224	10433	1
8224	10620	1
8224	10841	1
8224	11328	1
8224	11829	1
8224	11865	1
8224	11931	1
8224	11995	1
8303	8324	1
8303	9186	2
8303	9902	1
8303	10050	1
8303	11954	1
8303	12315	2
8324	8398	2
8324	8401	1
8324	8404	3
8324	8428	4
8324	8441	1
8324	8589	1
8324	8653	1
8324	8696	1
8324	9012	1
8324	9032	1
8324	9186	1
8324	9544	3
8324	9609	1
8324	9943	2
8324	10100	1
8324	10298	1
8324	10659	1
8324	10878	1
8324	10943	1
8324	11094	1
8324	11138	1
8324	11813	1
8324	11887	1
8324	11890	1
8324	11931	2
8324	11947	1
8324	11954	1
8324	11974	2
8324	11995	10
8324	11997	1
8324	12144	1
8324	12175	1
8324	12178	3
8324	12206	2
8324	12340	1
8398	9135	1
8398	10294	1
8401	8428	1
8401	8441	1
8401	10599	1
8401	10806	1
8401	10943	1
8401	11464	1
8404	9032	1
8404	9943	1
8405	9590	3
8405	11164	1
8421	11517	1
8428	8780	1
8428	9544	1
8435	8568	1
8435	8678	3
8435	10943	2
8435	11390	2
8441	8589	4
8441	8816	1
8441	8872	3
8441	9274	1
8441	9828	1
8441	10298	3
8441	10785	1
8441	10912	1
8441	11138	1
8441	11829	1
8441	11853	3
8441	12175	1
8441	12178	1
8441	12340	1
8462	9544	2
8462	9728	2
8462	10669	1
8462	11942	1
8462	12119	1
8462	12144	1
8462	12206	3
8462	12343	3
8511	8653	2
8511	9012	1
8511	9053	2
8511	10298	1
8511	10659	1
8511	10943	1
8529	8678	1
8529	8838	1
8529	8869	1
8529	9032	1
8529	9274	1
8529	9775	1
8529	11364	1
8529	11378	2
8529	11865	8
8529	11907	1
8529	12174	1
8568	8678	1
8568	10943	1
8568	12018	1
8589	8780	1
8589	9012	1
8589	9058	1
8589	9090	7
8589	9135	2
8589	10016	2
8589	10298	4
8589	10599	4
8589	10601	4
8589	10669	1
8589	10752	1
8589	11853	1
8589	11931	2
8589	11954	1
8645	9208	1
8645	10024	1
8645	11199	5
8653	8942	1
8653	9053	1
8653	9135	2
8653	9186	2
8653	9609	1
8653	9902	1
8653	11138	3
8653	11695	1
8653	11890	1
8653	11931	3
8653	11947	1
8653	11954	1
8653	11995	1
8653	12315	1
8678	8798	7
8678	8927	1
8678	9053	3
8678	9135	2
8678	9279	4
8678	9544	1
8678	9775	1
8678	10599	1
8678	10785	2
8678	10841	1
8678	10943	5
8678	11131	1
8678	11138	2
8678	11328	1
8678	11354	1
8678	11390	3
8678	11418	1
8678	11517	1
8678	11865	2
8678	11907	1
8678	11931	1
8678	12144	1
8678	12315	1
8696	10296	2
8696	10785	1
8696	11164	1
8700	10669	1
8700	11310	1
8700	11418	1
8704	10298	1
8704	10871	1
8704	10943	1
8712	8780	1
8712	8915	2
8712	9186	1
8712	9343	1
8712	9828	2
8712	10298	1
8712	10601	1
8712	10634	1
8712	10785	2
8712	10943	6
8712	11138	3
8712	11829	2
8712	12315	2
8780	9017	3
8780	9090	1
8780	9544	2
8780	9760	1
8780	9902	2
8780	10100	1
8780	10499	2
8780	10507	3
8780	10628	1
8780	10669	2
8780	10752	1
8780	11224	1
8780	11972	1
8780	11974	1
8780	11976	1
8780	12119	1
8780	12125	2
8780	12206	1
8780	12343	4
8780	12345	1
8797	10499	1
8797	10507	2
8797	12343	1
8798	9053	2
8798	10943	2
8798	11390	1
8798	12315	1
8816	10943	2
8816	11328	1
8816	11931	1
8816	12018	1
8827	10296	1
8827	11853	1
8827	12174	1
8838	8857	8
8838	8872	1
8838	9343	3
8857	8872	1
8869	11138	1
8869	11418	2
8869	11907	1
8869	11979	1
8869	12174	1
8872	8911	2
8872	8915	1
8872	9143	1
8872	9154	1
8872	9186	4
8872	9274	5
8872	9343	2
8872	9728	1
8872	10296	1
8872	10420	1
8872	10478	1
8872	10599	4
8872	10659	1
8872	10669	1
8872	10785	3
8872	10806	1
8872	11271	1
8872	11415	1
8872	11418	1
8872	11829	1
8872	11853	1
8872	11931	1
8872	11954	1
8872	11979	1
8872	11995	5
8872	12109	1
8872	12315	5
8893	8911	1
8893	9135	1
8893	10785	1
8893	10806	1
8911	9775	1
8911	10100	1
8911	10841	1
8911	11592	1
8911	12167	1
8915	9828	2
8915	11138	2
8915	11931	1
8915	12315	4
8927	10100	1
8927	11954	1
8935	9135	1
8935	9728	1
8935	9875	2
8935	10016	13
8935	10669	10
8935	11328	1
8942	10296	2
8947	9544	1
8947	10943	1
8947	11403	1
9012	9135	1
9012	10420	1
9012	10659	3
9017	9740	1
9017	10499	1
9017	10507	4
9017	10709	2
9032	9274	1
9032	10298	1
9032	10912	1
9032	11976	1
9053	9902	1
9053	10943	6
9053	12315	1
9058	9464	1
9058	10943	1
9058	11418	1
9071	9728	1
9071	10298	1
9071	11131	7
9071	11813	1
9074	10601	1
9074	10878	1
9074	10943	5
9074	11491	1
9090	10752	1
9090	11974	1
9135	9902	1
9135	10016	1
9135	10298	1
9135	10478	1
9135	10841	1
9135	10943	2
9135	11328	1
9135	11954	1
9135	11995	1
9143	10620	1
9154	11458	1
9186	9222	1
9186	9274	1
9186	9354	1
9186	9875	1
9186	9943	1
9186	10100	1
9186	10294	1
9186	10298	1
9186	10478	1
9186	10620	1
9186	10785	1
9186	10943	2
9186	11418	1
9186	11491	1
9186	11517	1
9186	11695	2
9186	11890	2
9186	11931	2
9186	11960	1
9186	11995	1
9186	12315	4
9208	10433	1
9208	11199	1
9208	11328	1
9208	11912	1
9208	11954	1
9208	12030	1
9222	12315	1
9274	9875	1
9274	11138	1
9274	11316	1
9274	11366	1
9274	11829	1
9279	10100	1
9279	10599	1
9279	11245	1
9279	11251	1
9279	11418	1
9340	11138	1
9343	11415	1
9343	11418	4
9343	11954	1
9345	10601	1
9345	10806	1
9354	9453	1
9354	10785	1
9354	10806	1
9354	10943	1
9354	11138	1
9354	11865	1
9453	10634	1
9464	9534	2
9464	9544	2
9464	9902	2
9464	10871	1
9464	11418	1
9534	10373	4
9534	10878	1
9534	10943	7
9534	11960	1
9534	12018	4
9534	12178	1
9544	9728	3
9544	9760	1
9544	10016	2
9544	10420	1
9544	10669	3
9544	11592	1
9544	11769	3
9544	11813	1
9544	11853	1
9544	11931	1
9544	11960	1
9544	11976	2
9544	12113	1
9544	12119	16
9544	12125	1
9544	12144	36
9544	12147	2
9544	12165	7
9544	12182	4
9544	12198	1
9544	12206	4
9590	10316	1
9590	11154	1
9590	11960	1
9599	10599	2
9599	10785	2
9599	10818	5
9599	10943	1
9599	11947	1
9599	11997	1
9609	9902	2
9609	10100	1
9609	10370	2
9609	11931	1
9609	11954	1
9609	11995	5
9728	9828	1
9728	10100	1
9728	10669	1
9728	10841	1
9728	10943	1
9728	11131	1
9728	11592	2
9728	11813	1
9728	11853	1
9728	12125	1
9728	12144	2
9728	12167	1
9728	12175	2
9728	12178	1
9728	12206	1
9728	12315	1
9728	12340	1
9740	9760	1
9740	12175	1
9740	12178	1
9740	12198	1
9740	12206	1
9740	12345	2
9760	10669	2
9760	11853	1
9760	12082	1
9760	12206	1
9760	12345	1
9775	10330	3
9775	10841	6
9775	11907	2
9828	11138	2
9828	12315	2
9872	10507	1
9875	10016	7
9875	10511	2
9875	10669	3
9875	11310	1
9875	11354	1
9902	10050	1
9902	10420	1
9902	10709	1
9902	10943	13
9902	11138	2
9902	11931	1
9902	12018	2
9943	11974	1
9943	12144	1
9943	12178	1
9943	12340	1
10016	10669	10
10016	10912	1
10016	11328	1
10016	11695	1
10016	12018	1
10016	12206	3
10016	12343	1
10024	10136	1
10024	11199	1
10050	10298	1
10050	10499	1
10050	11131	1
10050	11942	1
10100	10785	1
10100	10806	1
10100	10841	1
10100	11251	1
10100	11813	1
10100	11931	1
10100	11976	1
10136	10752	1
10136	10809	1
10136	11954	1
10294	11299	1
10296	10785	1
10296	10943	2
10296	11138	3
10298	10601	1
10298	10943	4
10298	11491	1
10298	11947	1
10298	12018	2
10316	11154	1
10330	10841	3
10370	11131	1
10373	10943	4
10373	12018	3
10420	10659	1
10420	11599	1
10420	11976	1
10420	12165	1
10433	11328	1
10461	10507	1
10478	10507	1
10478	11853	1
10499	10507	1
10499	11138	1
10499	12343	1
10499	12345	1
10507	10709	5
10507	10943	1
10507	11972	1
10507	12343	2
10507	12345	1
10511	11865	1
10511	11907	1
10599	10601	11
10599	10602	1
10599	10628	4
10599	10785	16
10599	10806	2
10599	11418	1
10599	11458	5
10599	11931	2
10599	11954	1
10599	11974	1
10601	10943	3
10601	11458	1
10601	11931	1
10602	10943	2
10602	11458	2
10602	11931	1
10602	11954	1
10620	10943	2
10620	11138	1
10620	11418	1
10628	11458	2
10628	11931	1
10634	11138	2
10669	10752	1
10669	10912	3
10669	11328	1
10669	11907	1
10669	11981	2
10669	12082	2
10669	12144	1
10669	12206	1
10709	11931	1
10709	12343	1
10752	10806	6
10752	10943	1
10752	11979	1
10785	10806	4
10785	11354	1
10785	11418	2
10785	11865	1
10785	11931	1
10785	12113	1
10806	11418	1
10809	10943	1
10809	11912	1
10809	11931	1
10818	11997	1
10818	12030	1
10841	10943	1
10841	11907	1
10871	10943	2
10871	12018	1
10871	12315	1
10878	10943	3
10878	12018	1
10912	11865	1
10912	12144	1
10943	11138	4
10943	11390	1
10943	11403	1
10943	11418	4
10943	11491	1
10943	11829	2
10943	11954	1
10943	12018	18
10943	12021	2
11094	11599	1
11131	11378	1
11131	11418	1
11131	11813	1
11131	11976	7
11131	12206	1
11138	11245	1
11138	11354	1
11138	11418	1
11138	11931	1
11138	12315	5
11154	12125	1
11199	11299	1
11199	11328	1
11221	11960	2
11224	11241	1
11224	11245	1
11224	11299	1
11224	11599	3
11241	11299	1
11241	11599	2
11251	11272	2
11251	11328	4
11272	11328	1
11272	11378	2
11299	11328	1
11299	11599	11
11310	11599	1
11316	11366	1
11316	11865	1
11316	12104	1
11328	11415	1
11328	11599	1
11328	11912	1
11328	11960	1
11328	11972	1
11364	11366	2
11364	11378	1
11366	11865	1
11378	11976	1
11390	12018	1
11415	11972	1
11415	11995	1
11415	12113	1
11418	11464	1
11418	11695	2
11418	11942	2
11418	11976	1
11464	11491	1
11517	11931	1
11592	11954	1
11592	12144	1
11592	12167	1
11592	12175	2
11592	12340	1
11695	11960	1
11769	12144	1
11769	12147	1
11813	12178	1
11816	11931	1
11853	12082	1
11865	11907	1
11865	11960	1
11865	12167	1
11887	11931	1
11887	11995	5
11890	11931	1
11890	11995	2
11907	12082	1
11907	12174	1
11931	11974	1
11931	11995	4
11931	11997	1
11931	12125	1
11931	12144	1
11931	12167	1
11954	11995	2
11954	11997	2
11954	12315	1
11960	12175	1
11972	12343	1
11974	12206	1
11974	12340	1
11976	12144	1
11995	11997	1
11995	12315	1
12018	12206	2
12018	12343	1
12087	12175	1
12119	12144	4
12125	12315	1
12144	12147	2
12144	12165	2
12144	12182	5
12144	12198	4
12147	12198	1
12165	12182	2
12175	12178	1
12175	12198	1
12175	12340	1
12178	12198	1
12182	12198	2
12206	12340	3
12206	12343	7
12206	12345	1
